          0
     3065.9
    14332.4
    941.629
    347.772
    171.503
9.83025e-07
    13.6108
    23.0877
    60.0782
    116.489
    159.438
    167.962
    152.538
    195.938
    227.172
    241.886
     242.67
    219.186
     156.56
    70.3627
    6.31648
    1.94676
    8.67894
    46.9437
    87.8685
    129.978
    154.363
    170.932
    174.013
    175.046
    183.953
     156.28
    140.028
    102.782
     10.063
    47.4824
    173.626
    219.091
    176.942
    74.3182
6.20021e-07
1.19296e-06
9.03299e-07
1.41953e-07
3.07412e-07
1.24647e-06
2.81714e-06
1.20875e-06
1.51007e-06
4.59333e-07
1.48777e-06
1.47568e-06
    3.62542
    10.1005
    19.0148
    8.90316
    9.38171
    9.97704
    10.6339
    12.0965
     13.563
    15.3797
    16.7182
    17.9078
    18.9841
    19.6627
     20.049
     22.075
    22.9978
     22.559
    22.7009
    22.6606
    22.2646
    21.7551
    21.1499
    20.4102
    19.1585
    18.0155
    16.8511
     14.679
    13.3785
    10.5057
    9.25869
    7.28368
    5.68837
    4.12717
    2.52728
    1.30211
1.95392e-06
5.93833e-07
5.72487e-07
4.39107e-07
4.76619e-07
9.95843e-07
1.08221e-06
3.84891e-07
2.92435e-07
1.48245e-06
2.41595e-06
2.70992e-06
1.76028e-06
5.12012e-07
    1.13462
    2.72415
    4.03513
     5.3115
    7.43113
    9.07876
    10.7589
    12.3262
    13.9988
     9.9417
    17.0835
    18.3731
    19.5202
    20.5684
    21.3674
    22.0394
     22.496
    22.7072
    22.7227
    22.5763
    22.3065
    21.8973
    21.3971
    20.4386
    19.5073
    18.3589
    16.7216
    15.1153
    13.2183
    11.4383
    9.39092
    7.52395
    5.87613
    4.24313
    2.66875
    1.22085
9.06477e-07
1.03533e-06
3.47963e-07
1.43517e-06
1.32974e-06
4.48127e-07
6.49689e-07
1.10463e-07
7.85129e-07
7.66997e-07
1.57603e-06
1.75816e-06
8.46756e-07
2.30412e-06
    1.12862
    2.58002
    3.90117
    5.71571
    7.37067
    9.07544
     10.727
       12.4
    14.0787
    15.5593
    17.0627
    18.3575
    19.5466
    20.5435
    21.4119
    22.0468
    22.4771
    22.6916
    22.7674
    22.5593
    22.2957
    22.0205
    21.3383
    20.5246
    19.6044
    18.2855
     16.746
    14.9256
    13.3231
    11.3204
    9.45475
    7.48139
    5.87415
    4.24585
    2.65238
    1.27857
1.09539e-06
5.57066e-07
1.92909e-07
 2.0174e-06
1.18682e-06
8.54122e-07
1.73409e-06
2.19649e-06
4.78935e-07
8.13279e-07
2.39198e-07
1.27626e-06
3.46119e-07
1.04119e-06
    1.11678
    2.58673
    4.05369
    5.52467
    7.35848
    9.08821
    10.7157
     12.378
    14.0738
    15.5901
    16.9236
    18.3958
    19.5556
    20.5718
    21.4085
    22.0528
    22.4355
    22.7597
    22.7353
    22.6169
    22.3473
    21.9195
    21.2715
    20.5821
    19.5287
     18.046
    16.7909
    15.1447
    13.3809
    11.3531
    9.35868
    7.52501
     5.8052
    4.24771
    2.67148
    1.25899
8.02534e-07
5.14166e-07
3.47391e-07
5.46258e-07
2.86004e-07
2.16156e-07
3.46554e-07
2.29629e-07
8.70107e-07
1.00417e-06
6.63504e-07
3.92019e-07
1.58389e-06
6.07538e-07
    1.12757
    2.77733
    3.87923
    5.57299
    7.34543
    9.02281
    10.7751
    12.3898
    14.0459
    15.5588
    17.0095
    18.3264
    19.6703
    20.5256
    21.4397
    22.0178
    22.4725
    22.7265
    22.7369
    22.5544
    22.3827
     21.831
    21.3001
    20.5121
    19.3963
    18.4733
    16.8057
    14.9936
     13.142
    11.3641
    9.48368
    7.53661
    5.85858
    4.23361
    2.65722
    1.29737
8.74647e-07
1.51457e-07
3.86576e-07
7.81218e-07
2.02377e-07
4.65953e-07
6.08437e-07
2.44817e-07
6.63945e-07
8.93177e-07
1.36846e-06
4.41449e-07
1.62019e-06
 1.4533e-07
    1.12744
    2.75061
    3.83814
    5.67683
    7.33218
    8.99037
    10.6996
    12.3712
    14.0474
    15.4651
    16.9907
    18.5927
    19.5242
     20.486
    21.4274
    22.0964
    22.4406
    22.6419
    22.6652
     22.667
    21.8055
     21.634
    21.5045
    20.5728
    18.6547
     18.643
    16.2186
    14.2228
    13.0324
    11.2115
    9.23168
    7.41044
    5.70051
    3.89842
    2.90784
     1.2135
5.02335e-08
6.61014e-07
3.79086e-07
1.27237e-06
1.67999e-07
2.59973e-07
 4.9281e-07
5.78461e-07
6.88029e-07
1.08011e-06
6.18057e-07
1.68851e-06
5.63811e-07
1.90285e-06
   0.842506
    2.40811
    4.14577
    5.38149
    7.19379
    8.94634
    10.6139
    12.2547
    13.9235
    15.4718
    16.9093
    18.2054
    19.3843
     20.154
    20.7631
    21.8071
    22.5804
    22.6011
    22.4197
    22.3013
    22.0348
    21.4653
    20.7822
    19.9563
     18.903
    17.6448
    16.2277
    14.6134
     12.846
    11.0027
    9.19195
    7.48292
    5.81513
    4.19503
    2.65335
     1.2146
8.71687e-07
7.96284e-07
2.10176e-07
6.38764e-08
1.92496e-07
7.34779e-07
2.93632e-07
 5.3461e-07
6.74655e-07
1.02582e-06
1.66677e-06
2.83184e-07
7.81755e-07
1.16101e-06
   0.973269
    2.35593
    4.05447
    5.58411
    7.22658
    8.92498
     10.811
    12.2959
    14.0099
    15.6284
      17.07
    18.3756
    19.6445
    20.6424
    21.6023
    21.9354
    22.4285
    22.6153
    22.6972
    22.6269
    22.5386
    21.8123
    21.2457
    20.3953
    19.3564
    18.1257
    16.4968
    15.0472
    13.2737
    11.3559
    9.36661
    7.53598
    5.84456
    4.29586
    2.70203
    1.24963
1.05086e-06
1.63537e-06
8.42573e-07
6.04963e-07
5.55227e-07
1.09684e-06
1.47569e-06
6.24305e-07
9.01234e-08
7.53645e-07
1.43929e-06
8.82284e-07
1.47628e-06
8.81259e-07
    1.14715
    2.62542
    3.95116
    5.66154
    7.33183
    9.04983
    10.7088
    12.4423
    14.0196
    15.7517
    17.1194
    18.4425
    19.6118
    20.6048
    21.4371
    22.0799
    22.5199
    22.7428
    22.7622
    22.6673
    22.4256
    21.9941
    21.3752
    20.5865
    19.6335
    18.3695
    16.8687
    15.2517
    13.4653
    11.4818
    9.47397
    7.59943
    5.92095
     4.2764
    2.72002
    1.28551
3.61144e-07
 2.9125e-07
2.24673e-07
8.12499e-07
1.59103e-07
1.32561e-06
1.16459e-06
5.96745e-07
1.22915e-06
4.31722e-07
2.00193e-06
1.12365e-06
 1.9294e-06
 4.9596e-07
    1.22738
    2.77464
    4.07325
    5.85292
    7.41991
    9.18123
      10.91
    12.5943
     14.193
    15.7832
    17.2244
    18.5892
    19.6876
    20.7769
    21.5244
    22.2333
    22.6225
    22.9128
    23.0084
     22.891
    22.9965
    22.3941
    22.0276
    21.2333
    20.3914
     19.345
    17.6346
    16.2588
    14.3912
    12.1343
    10.0889
    8.03988
     6.0335
    4.49107
      2.907
    1.42336
   0.119933
8.74759e-07
6.41853e-07
9.67824e-08
4.19952e-07
3.83589e-07
4.11658e-07
1.93281e-06
4.53822e-07
7.72694e-07
7.76532e-07
1.19493e-06
2.86829e-07
2.00397e-07
    1.16085
    2.63438
    4.19317
     5.8815
    7.51765
    9.19917
    10.8979
    12.5907
    14.2516
     15.781
    17.2573
    18.5736
    19.7651
    20.7809
    21.6241
    22.2551
     22.763
    23.0066
    23.0645
    23.1318
    22.9727
    22.5639
    22.1642
    21.3726
    20.5118
    19.4295
    18.0025
    16.3645
    14.6864
    12.5835
    10.2648
    8.28943
    6.21296
    4.52017
      2.947
    1.50676
      0.186
1.98237e-06
9.69245e-07
9.25095e-07
1.20946e-06
1.03057e-06
 7.7715e-07
1.03495e-06
5.06385e-07
8.82755e-07
9.76425e-07
9.62602e-07
1.78451e-07
6.67711e-08
    1.15048
    2.66862
    4.37537
    6.07636
    7.73528
    9.39331
    11.1077
     12.807
    14.4512
    16.0301
    17.5097
    18.8614
    20.0673
    21.0754
    21.9149
    22.5825
    23.1187
    23.6539
    24.1426
    24.4122
    24.6274
    24.5841
    24.2649
    23.7742
    23.0398
    22.0559
    20.8383
    19.4081
      17.72
    15.7707
     13.641
    11.3652
    9.01575
    6.41005
    3.98831
    2.03908
   0.727558
8.72622e-07
1.02355e-06
4.26192e-07
8.36594e-07
3.35249e-07
2.05872e-06
1.23566e-06
7.74739e-07
1.03587e-06
1.17202e-06
7.64417e-07
1.27296e-06
1.87004e-06
    1.11589
    2.66852
    4.43823
    6.10555
    7.78467
    9.47363
    11.1844
    12.8895
    14.5387
    16.0997
    17.5745
    18.8931
    20.0698
    21.1096
     21.994
    22.6694
     23.313
    23.9173
    24.5103
    24.9967
     25.277
    25.4841
    25.2295
    24.9685
    24.4559
    23.7403
    22.7873
     21.451
    19.8288
    17.8308
    15.6113
    13.2728
    10.8149
    8.19463
    5.66273
    3.08916
   0.974132
5.11684e-07
4.37655e-08
1.23871e-06
1.66505e-06
1.76839e-07
6.47875e-07
 1.0703e-06
7.89394e-07
1.50153e-06
1.20486e-06
1.49897e-06
 5.0207e-07
  0.0785967
   0.618024
    1.85382
    3.66602
    6.17536
    7.57785
    9.26531
    10.9773
    12.5913
    14.1437
    15.7566
     17.199
    18.4969
    19.6834
    20.7088
    21.5474
    22.1912
    22.6306
    22.8591
    22.9318
    22.9106
    22.7573
    22.4353
    21.9167
    21.1866
    20.2142
    19.0163
    17.5718
     15.924
    14.0173
    11.9411
    9.81524
    7.73631
    5.96184
    4.32918
    2.77508
    1.32444
3.33517e-07
1.47859e-07
2.13225e-07
8.28066e-07
2.79118e-07
1.89514e-06
1.39431e-06
1.20264e-06
6.57348e-07
1.35286e-06
5.07023e-07
1.05915e-06
1.83127e-06
4.30178e-07
    1.19698
    2.59541
    4.50565
    5.82639
    7.37002
    9.07754
    10.7602
    12.4697
    14.1097
    15.6578
    17.0826
    18.3748
    19.5399
    20.5597
    21.4107
    22.0616
    22.5041
    22.7497
    22.7428
      22.58
    22.3901
    22.0238
    21.4402
    20.6751
    19.6124
    18.3127
      16.81
    15.1674
    13.3835
    11.4873
    9.56743
    7.61669
    5.88744
    4.23256
    2.72885
    1.25662
2.49254e-07
9.27236e-07
1.22463e-06
4.92559e-07
 7.7641e-07
2.92035e-07
5.48811e-07
5.06118e-07
8.70872e-07
1.79691e-06
7.59176e-07
1.41654e-06
2.48225e-07
2.36544e-06
    1.06146
    2.61091
    4.63858
    6.08863
    6.88333
    8.64788
    10.7389
    12.8111
    14.2623
    15.6973
     17.122
    18.9434
     19.495
    20.4283
      21.44
    22.0663
     22.548
    22.7172
    22.7575
    22.6017
    22.4031
    21.9929
    21.4107
    20.6411
    19.6321
    18.3737
    16.9031
    15.2402
    13.3938
    11.4641
    9.49683
    7.60676
    5.92775
    4.27963
    2.72633
     1.2554
1.26411e-06
4.37812e-07
1.80696e-07
1.36158e-07
3.01826e-07
6.25015e-07
7.58309e-07
2.68422e-07
5.69079e-07
9.37563e-07
3.68025e-07
1.80945e-06
1.90383e-06
  0.0249759
   0.995327
    2.70964
    4.09685
    6.43863
    8.06675
    8.90308
    10.0706
    11.9384
    14.0506
    16.0699
    17.6215
    18.3675
    19.2291
    20.2728
    21.6369
    22.1914
    22.4614
     22.673
    22.6981
    22.5519
    22.3997
    22.0534
    21.5194
    20.6271
    19.5306
     18.149
    16.8515
    15.1917
    13.4513
    11.5936
    9.57655
    7.59861
    5.89149
    4.21637
    2.67234
    1.27723
6.57679e-08
7.76952e-07
1.70065e-06
3.36733e-07
2.52755e-07
4.70312e-07
 5.4117e-07
 6.0143e-07
6.83482e-07
7.73028e-07
1.43718e-06
1.90585e-06
1.19936e-06
7.98089e-07
     1.2169
    2.67483
    4.81495
    6.24174
     6.9397
    8.19742
    10.3679
    12.7484
    14.8631
    16.3991
    17.2791
    17.7774
    18.5956
    20.4351
    21.7876
    22.9614
    23.8984
    23.5155
    22.4915
    21.8879
    21.9133
    22.9875
    22.4906
    20.6295
    19.6686
    18.1037
    16.5264
    14.8711
    13.2038
    11.4422
    9.50154
    7.53641
    5.88795
    4.24485
    2.69867
    1.30707
  0.0117175
1.04117e-06
1.59725e-06
5.52503e-08
4.91931e-07
1.74582e-06
 1.5511e-06
2.06361e-06
6.86761e-07
8.44724e-07
2.11701e-07
3.67135e-07
9.45645e-07
 9.3285e-07
    1.02743
    2.70837
    5.01307
    6.54653
    7.27658
    8.27763
    10.0326
    12.2379
    14.3992
    16.2882
    17.2731
    17.9913
    19.0935
    20.7613
    21.8665
    22.5659
    23.0665
    22.9166
    22.2632
    21.5983
    21.9358
    22.6839
    23.5968
    23.6924
     21.311
    18.1618
    16.4311
    15.6139
    13.5512
     11.658
    9.79447
    7.73333
    5.92602
    4.24798
    2.67379
    1.22182
5.00917e-07
8.73929e-07
 4.5244e-07
7.59166e-07
1.67113e-06
8.97101e-07
7.16565e-07
1.21544e-06
6.03945e-07
 5.5896e-07
1.93728e-06