  0.00626666     0.360315
   0.0124345     0.361257
   0.0184062     0.362809
   0.0240877     0.364948
   0.0293893     0.367639
   0.0342274     0.370841
   0.0385257     0.374503
   0.0422164     0.378567
   0.0452414     0.382969
   0.0475528     0.387639
   0.0491144     0.392505
   0.0499013     0.397488
   0.0499013     0.402512
   0.0491144     0.407495
   0.0475528     0.412361
   0.0452414     0.417031
   0.0422164     0.421433
   0.0385257     0.425497
   0.0342274     0.429159
   0.0293893     0.432361
   0.0240877     0.435052
   0.0184062     0.437191
   0.0124345     0.438743
  0.00626667     0.439685
 6.12323e-18         0.44
 -0.00626666     0.439685
  -0.0124345     0.438743
  -0.0184062     0.437191
  -0.0240877     0.435052
  -0.0293893     0.432361
  -0.0342274     0.429159
  -0.0385257     0.425497
  -0.0422164     0.421433
  -0.0452414     0.417031
  -0.0475528     0.412361
  -0.0491144     0.407495
  -0.0499013     0.402512
  -0.0499013     0.397488
  -0.0491144     0.392505
  -0.0475528     0.387639
  -0.0452414     0.382969
  -0.0422164     0.378567
  -0.0385257     0.374503
  -0.0342274     0.370841
  -0.0293893     0.367639
  -0.0240877     0.364948
  -0.0184062     0.362809
  -0.0124345     0.361257
 -0.00626666     0.360315
-1.22465e-17         0.36
  0.00626666     0.360315
   0.0124345     0.361257
   0.0184062     0.362809
   0.0240877     0.364948
   0.0293893     0.367639
   0.0342274     0.370841
   0.0385257     0.374503
   0.0422164     0.378567
   0.0452413     0.382969
   0.0475528     0.387639
   0.0491144     0.392505
   0.0499013     0.397488
   0.0499013     0.402512
   0.0491144     0.407495
   0.0475528     0.412361
   0.0452413     0.417031
   0.0422164     0.421433
   0.0385257     0.425497
   0.0342274     0.429159
   0.0293893     0.432361
   0.0240877     0.435052
   0.0184062     0.437191
   0.0124345     0.438743
  0.00626666     0.439685
 1.83697e-17         0.44
 -0.00626666     0.439685
  -0.0124345     0.438743
  -0.0184062     0.437191
  -0.0240877     0.435052
  -0.0293893     0.432361
  -0.0342274     0.429159
  -0.0385257     0.425497
  -0.0422164     0.421433
  -0.0452413     0.417031
  -0.0475528     0.412361
  -0.0491144     0.407495
  -0.0499013     0.402512
  -0.0499013     0.397488
  -0.0491144     0.392505
  -0.0475528     0.387639
  -0.0452413     0.382969
  -0.0422164     0.378567
  -0.0385257     0.374503
  -0.0342274     0.370841
  -0.0293893     0.367639
  -0.0240877     0.364948
  -0.0184062     0.362809
  -0.0124345     0.361257
 -0.00626666     0.360315
-2.44929e-17         0.36
  0.00626666     0.360315
   0.0124345     0.361257
   0.0184062     0.362809
   0.0240877     0.364948
   0.0293892     0.367639
   0.0342273     0.370841
   0.0385257     0.374503
   0.0422164     0.378567
   0.0452414     0.382969
   0.0475528     0.387639
   0.0491144     0.392505
   0.0499013     0.397488
   0.0499013     0.402512
   0.0491144     0.407495
   0.0475528     0.412361
   0.0452414     0.417031
   0.0422164     0.421433
   0.0385257     0.425497
   0.0342273     0.429159
   0.0293892     0.432361
   0.0240877     0.435052
   0.0184062     0.437191
   0.0124345     0.438743
  0.00626666     0.439685
 3.06162e-17         0.44
 -0.00626666     0.439685
  -0.0124345     0.438743
  -0.0184062     0.437191
  -0.0240877     0.435052
  -0.0293892     0.432361
  -0.0342273     0.429159
  -0.0385257     0.425497
  -0.0422164     0.421433
  -0.0452414     0.417031
  -0.0475528     0.412361
  -0.0491144     0.407495
  -0.0499013     0.402512
  -0.0499013     0.397488
  -0.0491144     0.392505
  -0.0475528     0.387639
  -0.0452414     0.382969
  -0.0422164     0.378567
  -0.0385257     0.374503
  -0.0342273     0.370841
  -0.0293892     0.367639
  -0.0240877     0.364948
  -0.0184062     0.362809
  -0.0124345     0.361257
 -0.00626666     0.360315
-3.67394e-17         0.36
  0.00626666     0.360315
   0.0124345     0.361257
   0.0184062     0.362809
   0.0240877     0.364948
   0.0293892     0.367639
   0.0342273     0.370841
   0.0385257     0.374503
   0.0422164     0.378567
   0.0452414     0.382969
   0.0475528     0.387639
   0.0491144     0.392505
   0.0499013     0.397488
   0.0499013     0.402512
   0.0491144     0.407495
   0.0475528     0.412361
   0.0452414     0.417031
   0.0422164     0.421433
   0.0385257     0.425497
   0.0342273     0.429159
   0.0293892     0.432361
   0.0240877     0.435052
   0.0184062     0.437191
   0.0124345     0.438743
  0.00626666     0.439685
 4.28626e-17         0.44
 -0.00626666     0.439685
  -0.0124345     0.438743
  -0.0184062     0.437191
  -0.0240877     0.435052
  -0.0293892     0.432361
  -0.0342273     0.429159
  -0.0385257     0.425497
  -0.0422164     0.421433
  -0.0452414     0.417031
  -0.0475528     0.412361
  -0.0491144     0.407495
  -0.0499013     0.402512
  -0.0499013     0.397488
  -0.0491144     0.392505
  -0.0475528     0.387639
  -0.0452414     0.382969
  -0.0422164     0.378567
  -0.0385257     0.374503
  -0.0342273     0.370841
  -0.0293892     0.367639
  -0.0240877     0.364948
  -0.0184062     0.362809
  -0.0124345     0.361257
 -0.00626666     0.360315
-4.89859e-17         0.36
  0.00626666     0.360315
   0.0124345     0.361257
   0.0184062     0.362809
   0.0240877     0.364948
   0.0293892     0.367639
   0.0342273     0.370841
   0.0385256     0.374503
   0.0422164     0.378567
   0.0452413     0.382969
   0.0475528     0.387639
   0.0491144     0.392505
   0.0499013     0.397488
   0.0499013     0.402512
   0.0491144     0.407495
   0.0475528     0.412361
   0.0452413     0.417031
   0.0422164     0.421433
   0.0385256     0.425497
   0.0342273     0.429159
   0.0293892     0.432361
   0.0240877     0.435052
   0.0184062     0.437191
   0.0124345     0.438743
  0.00626666     0.439685
 5.51091e-17         0.44
 -0.00626666     0.439685
  -0.0124345     0.438743
  -0.0184062     0.437191
  -0.0240877     0.435052
  -0.0293892     0.432361
  -0.0342273     0.429159
  -0.0385256     0.425497
  -0.0422164     0.421433
  -0.0452413     0.417031
  -0.0475528     0.412361
  -0.0491144     0.407495
  -0.0499013     0.402512
  -0.0499013     0.397488
  -0.0491144     0.392505
  -0.0475528     0.387639
  -0.0452413     0.382969
  -0.0422164     0.378567
  -0.0385256     0.374503
  -0.0342273     0.370841
  -0.0293892     0.367639
  -0.0240877     0.364948
  -0.0184062     0.362809
  -0.0124345     0.361257
 -0.00626666     0.360315
-6.12323e-17         0.36
  0.00626666     0.360315
   0.0124345     0.361257
   0.0184062     0.362809
   0.0240877     0.364948
   0.0293892     0.367639
   0.0342273     0.370841
   0.0385256     0.374503
   0.0422164     0.378567
   0.0452413     0.382969
   0.0475528     0.387639
   0.0491144     0.392505
   0.0499013     0.397488
   0.0499013     0.402512
   0.0491144     0.407495
   0.0475528     0.412361
   0.0452413     0.417031
   0.0422164     0.421433
   0.0385256     0.425497
   0.0342273     0.429159
   0.0293892     0.432361
   0.0240877     0.435052
   0.0184062     0.437191
   0.0124345     0.438743
  0.00626666     0.439685
 2.44991e-16         0.44
 -0.00626666     0.439685
  -0.0124345     0.438743
  -0.0184062     0.437191
  -0.0240877     0.435052
  -0.0293892     0.432361
  -0.0342273     0.429159
  -0.0385256     0.425497
  -0.0422164     0.421433
  -0.0452413     0.417031
  -0.0475528     0.412361
  -0.0491144     0.407495
  -0.0499013     0.402512
  -0.0499013     0.397488
  -0.0491144     0.392505
  -0.0475528     0.387639
  -0.0452413     0.382969
  -0.0422164     0.378567
  -0.0385256     0.374503
  -0.0342273     0.370841
  -0.0293892     0.367639
  -0.0240877     0.364948
  -0.0184062     0.362809
  -0.0124345     0.361257
 -0.00626666     0.360315
-7.34788e-17         0.36
  0.00626666     0.360315
   0.0124345     0.361257
   0.0184062     0.362809
   0.0240877     0.364948
   0.0293892     0.367639
   0.0342273     0.370841
   0.0385256     0.374503
   0.0422164     0.378567
   0.0452413     0.382969
   0.0475528     0.387639
   0.0491144     0.392505
   0.0499013     0.397488
   0.0499013     0.402512
   0.0491144     0.407495
   0.0475528     0.412361
   0.0452413     0.417031
   0.0422164     0.421433
   0.0385256     0.425497
   0.0342273     0.429159
   0.0293892     0.432361
   0.0240877     0.435052
   0.0184062     0.437191
   0.0124345     0.438743
  0.00626666     0.439685
-9.80336e-17         0.44
 -0.00626666     0.439685
  -0.0124345     0.438743
  -0.0184062     0.437191
  -0.0240877     0.435052
  -0.0293892     0.432361
  -0.0342273     0.429159
  -0.0385256     0.425497
  -0.0422164     0.421433
  -0.0452413     0.417031
  -0.0475528     0.412361
  -0.0491144     0.407495
  -0.0499013     0.402512
  -0.0499013     0.397488
  -0.0491144     0.392505
  -0.0475528     0.387639
  -0.0452413     0.382969
  -0.0422164     0.378567
  -0.0385256     0.374503
  -0.0342273     0.370841
  -0.0293892     0.367639
  -0.0240877     0.364948
  -0.0184062     0.362809
  -0.0124345     0.361257
 -0.00626666     0.360315
-8.57253e-17         0.36
  0.00626666     0.360315
   0.0124345     0.361257
   0.0184062     0.362809
   0.0240877     0.364948
   0.0293892     0.367639
   0.0342273     0.370841
   0.0385256     0.374503
   0.0422164     0.378567
   0.0452413     0.382969
   0.0475528     0.387639
   0.0491144     0.392505
   0.0499013     0.397488
   0.0499013     0.402512
   0.0491144     0.407495
   0.0475528     0.412361
   0.0452413     0.417031
   0.0422164     0.421433
   0.0385256     0.425497
   0.0342273     0.429159
   0.0293892     0.432361
   0.0240877     0.435052
   0.0184062     0.437191
   0.0124345     0.438743
  0.00626666     0.439685
 2.69484e-16         0.44
 -0.00626666     0.439685
  -0.0124345     0.438743
  -0.0184062     0.437191
  -0.0240877     0.435052
  -0.0293892     0.432361
  -0.0342273     0.429159
  -0.0385256     0.425497
  -0.0422164     0.421433
  -0.0452413     0.417031
  -0.0475528     0.412361
  -0.0491144     0.407495
  -0.0499013     0.402512
  -0.0499013     0.397488
  -0.0491144     0.392505
  -0.0475528     0.387639
  -0.0452413     0.382969
  -0.0422164     0.378567
  -0.0385256     0.374503
  -0.0342273     0.370841
  -0.0293892     0.367639
  -0.0240877     0.364948
  -0.0184062     0.362809
  -0.0124345     0.361257
 -0.00626666     0.360315
-9.79717e-17         0.36
   0.0062668     0.360315
   0.0124345     0.361257
   0.0184064     0.362809
   0.0240877     0.364948
   0.0293894     0.367639
   0.0342273     0.370841
   0.0385257     0.374503
   0.0422164     0.378567
   0.0452414     0.382969
   0.0475528     0.387639
   0.0491144     0.392505
   0.0499013     0.397488
   0.0499013     0.402512
   0.0491144     0.407495
   0.0475528     0.412361
   0.0452414     0.417031
   0.0422164     0.421433
   0.0385257     0.425497
   0.0342273     0.429159
   0.0293894     0.432361
   0.0240877     0.435052
   0.0184064     0.437191
   0.0124345     0.438743
   0.0062668     0.439685
-7.35407e-17         0.44
  -0.0062668     0.439685
  -0.0124345     0.438743
  -0.0184064     0.437191
  -0.0240877     0.435052
  -0.0293894     0.432361
  -0.0342273     0.429159
  -0.0385257     0.425497
  -0.0422164     0.421433
  -0.0452414     0.417031
  -0.0475528     0.412361
  -0.0491144     0.407495
  -0.0499013     0.402512
  -0.0499013     0.397488
  -0.0491144     0.392505
  -0.0475528     0.387639
  -0.0452414     0.382969
  -0.0422164     0.378567
  -0.0385257     0.374503
  -0.0342273     0.370841
  -0.0293894     0.367639
  -0.0240877     0.364948
  -0.0184064     0.362809
  -0.0124345     0.361257
  -0.0062668     0.360315
-1.10218e-16         0.36
   0.0062668     0.360315
   0.0124345     0.361257
   0.0184064     0.362809
   0.0240877     0.364948
   0.0293894     0.367639
   0.0342273     0.370841
   0.0385257     0.374503
   0.0422164     0.378567
   0.0452414     0.382969
   0.0475528     0.387639
   0.0491144     0.392505
   0.0499013     0.397488
   0.0499013     0.402512
   0.0491144     0.407495
   0.0475528     0.412361
   0.0452414     0.417031
   0.0422164     0.421433
   0.0385257     0.425497
   0.0342273     0.429159
   0.0293894     0.432361
   0.0240877     0.435052
   0.0184064     0.437191
   0.0124345     0.438743
   0.0062668     0.439685
 2.93977e-16         0.44
  -0.0062668     0.439685
  -0.0124345     0.438743
  -0.0184064     0.437191
  -0.0240877     0.435052
  -0.0293894     0.432361
  -0.0342273     0.429159
  -0.0385257     0.425497
  -0.0422164     0.421433
  -0.0452414     0.417031
  -0.0475528     0.412361
  -0.0491144     0.407495
  -0.0499013     0.402512
  -0.0499013     0.397488
  -0.0491144     0.392505
  -0.0475528     0.387639
  -0.0452414     0.382969
  -0.0422164     0.378567
  -0.0385257     0.374503
  -0.0342273     0.370841
  -0.0293894     0.367639
  -0.0240877     0.364948
  -0.0184064     0.362809
  -0.0124345     0.361257
  -0.0062668     0.360315
-1.22465e-16         0.36
   0.0062668     0.360315
   0.0124345     0.361257
   0.0184064     0.362809
   0.0240877     0.364948
   0.0293894     0.367639
   0.0342273     0.370841
   0.0385257     0.374503
   0.0422164     0.378567
   0.0452414     0.382969
   0.0475528     0.387639
   0.0491144     0.392505
   0.0499013     0.397488
   0.0499013     0.402512
   0.0491144     0.407495
   0.0475528     0.412361
   0.0452414     0.417031
   0.0422164     0.421433
   0.0385257     0.425497
   0.0342273     0.429159
   0.0293894     0.432361
   0.0240877     0.435052
   0.0184064     0.437191
   0.0124345     0.438743
   0.0062668     0.439685
-4.90478e-17         0.44
  -0.0062668     0.439685
  -0.0124345     0.438743
  -0.0184064     0.437191
  -0.0240877     0.435052
  -0.0293894     0.432361
  -0.0342273     0.429159
  -0.0385257     0.425497
  -0.0422164     0.421433
  -0.0452414     0.417031
  -0.0475528     0.412361
  -0.0491144     0.407495
  -0.0499013     0.402512
  -0.0499013     0.397488
  -0.0491144     0.392505
  -0.0475528     0.387639
  -0.0452414     0.382969
  -0.0422164     0.378567
  -0.0385257     0.374503
  -0.0342273     0.370841
  -0.0293894     0.367639
  -0.0240877     0.364948
  -0.0184064     0.362809
  -0.0124345     0.361257
  -0.0062668     0.360315
-4.89983e-16         0.36
   0.0062668     0.360315
   0.0124345     0.361257
   0.0184064     0.362809
   0.0240877     0.364948
   0.0293894     0.367639
   0.0342273     0.370841
   0.0385257     0.374503
   0.0422164     0.378567
   0.0452414     0.382969
   0.0475528     0.387639
   0.0491144     0.392505
   0.0499013     0.397488
   0.0499013     0.402512
   0.0491144     0.407495
   0.0475528     0.412361
   0.0452414     0.417031
   0.0422164     0.421433
   0.0385257     0.425497
   0.0342273     0.429159
   0.0293894     0.432361
   0.0240877     0.435052
   0.0184064     0.437191
   0.0124345     0.438743
   0.0062668     0.439685
  3.1847e-16         0.44
  -0.0062668     0.439685
  -0.0124345     0.438743
  -0.0184064     0.437191
  -0.0240877     0.435052
  -0.0293894     0.432361
  -0.0342273     0.429159
  -0.0385257     0.425497
  -0.0422164     0.421433
  -0.0452414     0.417031
  -0.0475528     0.412361
  -0.0491144     0.407495
  -0.0499013     0.402512
  -0.0499013     0.397488
  -0.0491144     0.392505
  -0.0475528     0.387639
  -0.0452414     0.382969
  -0.0422164     0.378567
  -0.0385257     0.374503
  -0.0342273     0.370841
  -0.0293894     0.367639
  -0.0240877     0.364948
  -0.0184064     0.362809
  -0.0124345     0.361257
  -0.0062668     0.360315
-1.46958e-16         0.36
   0.0062668     0.360315
   0.0124345     0.361257
   0.0184064     0.362809
   0.0240877     0.364948
   0.0293894     0.367639
   0.0342273     0.370841
   0.0385257     0.374503
   0.0422164     0.378567
   0.0452414     0.382969
   0.0475528     0.387639
   0.0491144     0.392505
   0.0499013     0.397488
   0.0499013     0.402512
   0.0491144     0.407495
   0.0475528     0.412361
   0.0452414     0.417031
   0.0422164     0.421433
   0.0385257     0.425497
   0.0342273     0.429159
   0.0293894     0.432361
   0.0240877     0.435052
   0.0184064     0.437191
   0.0124345     0.438743
   0.0062668     0.439685
-2.45548e-17         0.44
  -0.0062668     0.439685
  -0.0124345     0.438743
  -0.0184064     0.437191
  -0.0240877     0.435052
  -0.0293894     0.432361
  -0.0342273     0.429159
  -0.0385257     0.425497
  -0.0422164     0.421433
  -0.0452414     0.417031
  -0.0475528     0.412361
  -0.0491144     0.407495
  -0.0499013     0.402512
  -0.0499013     0.397488
  -0.0491144     0.392505
  -0.0475528     0.387639
  -0.0452414     0.382969
  -0.0422164     0.378567
  -0.0385257     0.374503
  -0.0342273     0.370841
  -0.0293894     0.367639
  -0.0240877     0.364948
  -0.0184064     0.362809
  -0.0124345     0.361257
  -0.0062668     0.360315
 1.96067e-16         0.36
   0.0062668     0.360315
   0.0124345     0.361257
   0.0184064     0.362809
   0.0240877     0.364948
   0.0293894     0.367639
   0.0342273     0.370841
   0.0385257     0.374503
   0.0422164     0.378567
   0.0452414     0.382969
   0.0475528     0.387639
   0.0491144     0.392505
   0.0499013     0.397488
   0.0499013     0.402512
   0.0491144     0.407495
   0.0475528     0.412361
   0.0452414     0.417031
   0.0422164     0.421433
   0.0385257     0.425497
   0.0342273     0.429159
   0.0293894     0.432361
   0.0240877     0.435052
   0.0184064     0.437191
   0.0124345     0.438743
   0.0062668     0.439685
 3.42963e-16         0.44
  -0.0062668     0.439685
  -0.0124345     0.438743
  -0.0184064     0.437191
  -0.0240877     0.435052
  -0.0293894     0.432361
  -0.0342273     0.429159
  -0.0385257     0.425497
  -0.0422164     0.421433
  -0.0452414     0.417031
  -0.0475528     0.412361
  -0.0491144     0.407495
  -0.0499013     0.402512
  -0.0499013     0.397488
  -0.0491144     0.392505
  -0.0475528     0.387639
  -0.0452414     0.382969
  -0.0422164     0.378567
  -0.0385257     0.374503
  -0.0342273     0.370841
  -0.0293894     0.367639
  -0.0240877     0.364948
  -0.0184064     0.362809
  -0.0124345     0.361257
  -0.0062668     0.360315
-1.71451e-16         0.36
   0.0062668     0.360315
   0.0124345     0.361257
   0.0184064     0.362809
   0.0240877     0.364948
   0.0293894     0.367639
   0.0342273     0.370841
   0.0385257     0.374503
   0.0422164     0.378567
   0.0452414     0.382969
   0.0475528     0.387639
   0.0491144     0.392505
   0.0499013     0.397488
   0.0499013     0.402512
   0.0491144     0.407495
   0.0475528     0.412361
   0.0452414     0.417031
   0.0422164     0.421433
   0.0385257     0.425497
   0.0342273     0.429159
   0.0293894     0.432361
   0.0240877     0.435052
   0.0184064     0.437191
   0.0124345     0.438743
   0.0062668     0.439685
-6.18981e-20         0.44
  -0.0062668     0.439685
  -0.0124345     0.438743
  -0.0184064     0.437191
  -0.0240877     0.435052
  -0.0293894     0.432361
  -0.0342273     0.429159
  -0.0385257     0.425497
  -0.0422164     0.421433
  -0.0452414     0.417031
  -0.0475528     0.412361
  -0.0491144     0.407495
  -0.0499013     0.402512
  -0.0499013     0.397488
  -0.0491144     0.392505
  -0.0475528     0.387639
  -0.0452414     0.382969
  -0.0422164     0.378567
  -0.0385257     0.374503
  -0.0342273     0.370841
  -0.0293894     0.367639
  -0.0240877     0.364948
  -0.0184064     0.362809
  -0.0124345     0.361257
  -0.0062668     0.360315
-5.38968e-16         0.36
   0.0062668     0.360315
   0.0124345     0.361257
   0.0184064     0.362809
   0.0240877     0.364948
   0.0293894     0.367639
   0.0342273     0.370841
   0.0385257     0.374503
   0.0422164     0.378567
   0.0452414     0.382969
   0.0475528     0.387639
   0.0491144     0.392505
   0.0499013     0.397488
   0.0499013     0.402512
   0.0491144     0.407495
   0.0475528     0.412361
   0.0452414     0.417031
   0.0422164     0.421433
   0.0385257     0.425497
   0.0342273     0.429159
   0.0293894     0.432361
   0.0240877     0.435052
   0.0184064     0.437191
   0.0124345     0.438743
   0.0062668     0.439685
 3.67456e-16         0.44
  -0.0062668     0.439685
  -0.0124345     0.438743
  -0.0184064     0.437191
  -0.0240877     0.435052
  -0.0293894     0.432361
  -0.0342273     0.429159
  -0.0385257     0.425497
  -0.0422164     0.421433
  -0.0452414     0.417031
  -0.0475528     0.412361
  -0.0491144     0.407495
  -0.0499013     0.402512
  -0.0499013     0.397488
  -0.0491144     0.392505
  -0.0475528     0.387639
  -0.0452414     0.382969
  -0.0422164     0.378567
  -0.0385257     0.374503
  -0.0342273     0.370841
  -0.0293894     0.367639
  -0.0240877     0.364948
  -0.0184064     0.362809
  -0.0124345     0.361257
  -0.0062668     0.360315
-1.95943e-16         0.36
   0.0062668     0.360315
   0.0124348     0.361257
   0.0184061     0.362809
   0.0240877     0.364948
   0.0293894     0.367639
   0.0342275     0.370841
   0.0385255     0.374503
   0.0422164     0.378567
   0.0452414     0.382969
   0.0475529     0.387639
   0.0491143     0.392505
   0.0499013     0.397488
   0.0499013     0.402512
   0.0491143     0.407495
   0.0475529      0.41236
   0.0452414     0.417031
   0.0422164     0.421433
   0.0385255     0.425497
   0.0342275     0.429159
   0.0293894     0.432361
   0.0240877     0.435052
   0.0184061     0.437191
   0.0124348     0.438743
   0.0062668     0.439685
  2.4431e-17         0.44
  -0.0062668     0.439685
  -0.0124348     0.438743
  -0.0184061     0.437191
  -0.0240877     0.435052
  -0.0293894     0.432361
  -0.0342275     0.429159
  -0.0385255     0.425497
  -0.0422164     0.421433
  -0.0452414     0.417031
  -0.0475529      0.41236
  -0.0491143     0.407495
  -0.0499013     0.402512
  -0.0499013     0.397488
  -0.0491143     0.392505
  -0.0475529     0.387639
  -0.0452414     0.382969
  -0.0422164     0.378567
  -0.0385255     0.374503
  -0.0342275     0.370841
  -0.0293894     0.367639
  -0.0240877     0.364948
  -0.0184061     0.362809
  -0.0124348     0.361257
  -0.0062668     0.360315
 1.47081e-16         0.36
   0.0062668     0.360315
   0.0124348     0.361257
   0.0184061     0.362809
   0.0240877     0.364948
   0.0293894     0.367639
   0.0342275     0.370841
   0.0385255     0.374503
   0.0422164     0.378567
   0.0452414     0.382969
   0.0475529     0.387639
   0.0491143     0.392505
   0.0499013     0.397488
   0.0499013     0.402512
   0.0491143     0.407495
   0.0475529      0.41236
   0.0452414     0.417031
   0.0422164     0.421433
   0.0385255     0.425497
   0.0342275     0.429159
   0.0293894     0.432361
   0.0240877     0.435052
   0.0184061     0.437191
   0.0124348     0.438743
   0.0062668     0.439685
 3.91949e-16         0.44
  -0.0062668     0.439685
  -0.0124348     0.438743
  -0.0184061     0.437191
  -0.0240877     0.435052
  -0.0293894     0.432361
  -0.0342275     0.429159
  -0.0385255     0.425497
  -0.0422164     0.421433
  -0.0452414     0.417031
  -0.0475529      0.41236
  -0.0491143     0.407495
  -0.0499013     0.402512
  -0.0499013     0.397488
  -0.0491143     0.392505
  -0.0475529     0.387639
  -0.0452414     0.382969
  -0.0422164     0.378567
  -0.0385255     0.374503
  -0.0342275     0.370841
  -0.0293894     0.367639
  -0.0240877     0.364948
  -0.0184061     0.362809
  -0.0124348     0.361257
  -0.0062668     0.360315
-2.20436e-16         0.36
   0.0062668     0.360315
   0.0124348     0.361257
   0.0184061     0.362809
   0.0240877     0.364948
   0.0293894     0.367639
   0.0342275     0.370841
   0.0385255     0.374503
   0.0422164     0.378567
   0.0452414     0.382969
   0.0475529     0.387639
   0.0491143     0.392505
   0.0499013     0.397488
   0.0499013     0.402512
   0.0491143     0.407495
   0.0475529      0.41236
   0.0452414     0.417031
   0.0422164     0.421433
   0.0385255     0.425497
   0.0342275     0.429159
   0.0293894     0.432361
   0.0240877     0.435052
   0.0184061     0.437191
   0.0124348     0.438743
   0.0062668     0.439685
  4.8924e-17         0.44
  -0.0062668     0.439685
  -0.0124348     0.438743
  -0.0184061     0.437191
  -0.0240877     0.435052
  -0.0293894     0.432361
  -0.0342275     0.429159
  -0.0385255     0.425497
  -0.0422164     0.421433
  -0.0452414     0.417031
  -0.0475529      0.41236
  -0.0491143     0.407495
  -0.0499013     0.402512
  -0.0499013     0.397488
  -0.0491143     0.392505
  -0.0475529     0.387639
  -0.0452414     0.382969
  -0.0422164     0.378567
  -0.0385255     0.374503
  -0.0342275     0.370841
  -0.0293894     0.367639
  -0.0240877     0.364948
  -0.0184061     0.362809
  -0.0124348     0.361257
  -0.0062668     0.360315
-5.87954e-16         0.36
   0.0062668     0.360315
   0.0124348     0.361257
   0.0184061     0.362809
   0.0240877     0.364948
   0.0293894     0.367639
   0.0342275     0.370841
   0.0385255     0.374503
   0.0422164     0.378567
   0.0452414     0.382969
   0.0475529     0.387639
   0.0491143     0.392505
   0.0499013     0.397488
   0.0499013     0.402512
   0.0491143     0.407495
   0.0475529      0.41236
   0.0452414     0.417031
   0.0422164     0.421433
   0.0385255     0.425497
   0.0342275     0.429159
   0.0293894     0.432361
   0.0240877     0.435052
   0.0184061     0.437191
   0.0124348     0.438743
   0.0062668     0.439685
 4.16442e-16         0.44
  -0.0062668     0.439685
  -0.0124348     0.438743
  -0.0184061     0.437191
  -0.0240877     0.435052
  -0.0293894     0.432361
  -0.0342275     0.429159
  -0.0385255     0.425497
  -0.0422164     0.421433
  -0.0452414     0.417031
  -0.0475529      0.41236
  -0.0491143     0.407495
  -0.0499013     0.402512
  -0.0499013     0.397488
  -0.0491143     0.392505
  -0.0475529     0.387639
  -0.0452414     0.382969
  -0.0422164     0.378567
  -0.0385255     0.374503
  -0.0342275     0.370841
  -0.0293894     0.367639
  -0.0240877     0.364948
  -0.0184061     0.362809
  -0.0124348     0.361257
  -0.0062668     0.360315