   -0.247398      1.56668
   -0.490894      1.52953
   -0.726649      1.46824
   -0.950944      1.38381
    -1.16024      1.27755
    -1.35124      1.15114
    -1.52093      1.00658
    -1.66664     0.846144
    -1.78606     0.672364
    -1.87731      0.48798
    -1.93896     0.295901
    -1.97003    0.0991549
    -1.97003   -0.0991547
    -1.93896    -0.295901
    -1.87731     -0.48798
    -1.78606    -0.672364
    -1.66664    -0.846144
    -1.52093     -1.00658
    -1.35124     -1.15114
    -1.16024     -1.27755
   -0.950944     -1.38381
   -0.726649     -1.46824
   -0.490894     -1.52953
   -0.247398     -1.56668
-2.41736e-16     -1.57914
    0.247398     -1.56668
    0.490894     -1.52953
    0.726649     -1.46824
    0.950943     -1.38381
     1.16024     -1.27755
     1.35124     -1.15114
     1.52093     -1.00658
     1.66664    -0.846144
     1.78606    -0.672364
     1.87731     -0.48798
     1.93896      -0.2959
     1.97003   -0.0991547
     1.97003    0.0991547
     1.93896       0.2959
     1.87731      0.48798
     1.78606     0.672364
     1.66664     0.846144
     1.52093      1.00658
     1.35124      1.15114
     1.16024      1.27755
    0.950943      1.38381
    0.726649      1.46824
    0.490894      1.52953
    0.247398      1.56668
 4.83471e-16      1.57914
   -0.247398      1.56668
   -0.490894      1.52953
   -0.726648      1.46824
   -0.950944      1.38381
    -1.16024      1.27755
    -1.35124      1.15114
    -1.52093      1.00658
    -1.66664     0.846144
    -1.78606     0.672364
    -1.87731      0.48798
    -1.93896       0.2959
    -1.97003    0.0991547
    -1.97003   -0.0991547
    -1.93896      -0.2959
    -1.87731     -0.48798
    -1.78606    -0.672364
    -1.66664    -0.846144
    -1.52093     -1.00658
    -1.35124     -1.15114
    -1.16024     -1.27755
   -0.950944     -1.38381
   -0.726648     -1.46824
   -0.490894     -1.52953
   -0.247398     -1.56668
-7.25207e-16     -1.57914
    0.247398     -1.56668
    0.490894     -1.52953
    0.726648     -1.46824
    0.950944     -1.38381
     1.16024     -1.27755
     1.35124     -1.15114
     1.52093     -1.00658
     1.66664    -0.846144
     1.78606    -0.672364
     1.87731     -0.48798
     1.93896      -0.2959
     1.97003   -0.0991547
     1.97003    0.0991547
     1.93896       0.2959
     1.87731      0.48798
     1.78606     0.672364
     1.66664     0.846144
     1.52093      1.00658
     1.35124      1.15114
     1.16024      1.27755
    0.950944      1.38381
    0.726648      1.46824
    0.490894      1.52953
    0.247398      1.56668
 9.66942e-16      1.57914
   -0.247398      1.56668
   -0.490894      1.52953
   -0.726648      1.46824
   -0.950943      1.38381
    -1.16024      1.27755
    -1.35124      1.15114
    -1.52093      1.00658
    -1.66664     0.846143
    -1.78606     0.672363
    -1.87731      0.48798
    -1.93896       0.2959
    -1.97003    0.0991547
    -1.97003   -0.0991547
    -1.93896      -0.2959
    -1.87731     -0.48798
    -1.78606    -0.672363
    -1.66664    -0.846143
    -1.52093     -1.00658
    -1.35124     -1.15114
    -1.16024     -1.27755
   -0.950943     -1.38381
   -0.726648     -1.46824
   -0.490894     -1.52953
   -0.247398     -1.56668
-1.20868e-15     -1.57914
    0.247398     -1.56668
    0.490894     -1.52953
    0.726648     -1.46824
    0.950943     -1.38381
     1.16024     -1.27755
     1.35124     -1.15114
     1.52093     -1.00658
     1.66664    -0.846143
     1.78606    -0.672363
     1.87731     -0.48798
     1.93896      -0.2959
     1.97003   -0.0991547
     1.97003    0.0991547
     1.93896       0.2959
     1.87731      0.48798
     1.78606     0.672363
     1.66664     0.846143
     1.52093      1.00658
     1.35124      1.15114
     1.16024      1.27755
    0.950943      1.38381
    0.726648      1.46824
    0.490894      1.52953
    0.247398      1.56668
 1.45041e-15      1.57914
   -0.247398      1.56668
   -0.490894      1.52953
   -0.726648      1.46824
   -0.950943      1.38381
    -1.16024      1.27755
    -1.35124      1.15114
    -1.52093      1.00658
    -1.66664     0.846143
    -1.78606     0.672363
    -1.87731      0.48798
    -1.93896       0.2959
    -1.97003    0.0991547
    -1.97003   -0.0991547
    -1.93896      -0.2959
    -1.87731     -0.48798
    -1.78606    -0.672363
    -1.66664    -0.846143
    -1.52093     -1.00658
    -1.35124     -1.15114
    -1.16024     -1.27755
   -0.950943     -1.38381
   -0.726648     -1.46824
   -0.490894     -1.52953
   -0.247398     -1.56668
-1.69215e-15     -1.57914
    0.247398     -1.56668
    0.490894     -1.52953
    0.726648     -1.46824
    0.950943     -1.38381
     1.16024     -1.27755
     1.35124     -1.15114
     1.52093     -1.00658
     1.66664    -0.846143
     1.78606    -0.672363
     1.87731     -0.48798
     1.93896      -0.2959
     1.97003   -0.0991547
     1.97003    0.0991547
     1.93896       0.2959
     1.87731      0.48798
     1.78606     0.672363
     1.66664     0.846143
     1.52093      1.00658
     1.35124      1.15114
     1.16024      1.27755
    0.950943      1.38381
    0.726648      1.46824
    0.490894      1.52953
    0.247398      1.56668
 1.93388e-15      1.57914
   -0.247398      1.56668
   -0.490894      1.52953
   -0.726648      1.46824
   -0.950943      1.38381
    -1.16024      1.27755
    -1.35124      1.15114
    -1.52093      1.00658
    -1.66664     0.846145
    -1.78606     0.672365
    -1.87731     0.487982
    -1.93896     0.295903
    -1.97003    0.0991571
    -1.97003   -0.0991571
    -1.93896    -0.295903
    -1.87731    -0.487982
    -1.78606    -0.672365
    -1.66664    -0.846145
    -1.52093     -1.00658
    -1.35124     -1.15114
    -1.16024     -1.27755
   -0.950943     -1.38381
   -0.726648     -1.46824
   -0.490894     -1.52953
   -0.247398     -1.56668
-2.17562e-15     -1.57914
    0.247398     -1.56668
    0.490894     -1.52953
    0.726648     -1.46824
    0.950943     -1.38381
     1.16024     -1.27755
     1.35124     -1.15114
     1.52093     -1.00658
     1.66664    -0.846145
     1.78606    -0.672365
     1.87731    -0.487982
     1.93896    -0.295903
     1.97003   -0.0991571
     1.97003    0.0991571
     1.93896     0.295903
     1.87731     0.487982
     1.78606     0.672365
     1.66664     0.846145
     1.52093      1.00658
     1.35124      1.15114
     1.16024      1.27755
    0.950943      1.38381
    0.726648      1.46824
    0.490894      1.52953
    0.247398      1.56668
 2.41736e-15      1.57914
   -0.247398      1.56668
   -0.490894      1.52953
   -0.726648      1.46824
   -0.950943      1.38381
    -1.16024      1.27755
    -1.35124      1.15114
    -1.52093      1.00658
    -1.66664     0.846145
    -1.78606     0.672365
    -1.87731     0.487982
    -1.93896     0.295903
    -1.97003    0.0991571
    -1.97003   -0.0991571
    -1.93896    -0.295903
    -1.87731    -0.487982
    -1.78606    -0.672365
    -1.66664    -0.846145
    -1.52093     -1.00658
    -1.35124     -1.15114
    -1.16024     -1.27755
   -0.950943     -1.38381
   -0.726648     -1.46824
   -0.490894     -1.52953
   -0.247398     -1.56668
-9.67187e-15     -1.57914
    0.247398     -1.56668
    0.490894     -1.52953
    0.726648     -1.46824
    0.950943     -1.38381
     1.16024     -1.27755
     1.35124     -1.15114
     1.52093     -1.00658
     1.66664    -0.846145
     1.78606    -0.672365
     1.87731    -0.487982
     1.93896    -0.295903
     1.97003   -0.0991571
     1.97003    0.0991571
     1.93896     0.295903
     1.87731     0.487982
     1.78606     0.672365
     1.66664     0.846145
     1.52093      1.00658
     1.35124      1.15114
     1.16024      1.27755
    0.950943      1.38381
    0.726648      1.46824
    0.490894      1.52953
    0.247398      1.56668
 2.90083e-15      1.57914
   -0.247398      1.56668
   -0.490894      1.52953
   -0.726648      1.46824
   -0.950943      1.38381
    -1.16024      1.27755
    -1.35124      1.15114
    -1.52093      1.00658
    -1.66664     0.846145
    -1.78606     0.672365
    -1.87731     0.487982
    -1.93896     0.295903
    -1.97003    0.0991571
    -1.97003   -0.0991571
    -1.93896    -0.295903
    -1.87731    -0.487982
    -1.78606    -0.672365
    -1.66664    -0.846145
    -1.52093     -1.00658
    -1.35124     -1.15114
    -1.16024     -1.27755
   -0.950943     -1.38381
   -0.726648     -1.46824
   -0.490894     -1.52953
   -0.247398     -1.56668
 3.87021e-15     -1.57914
    0.247398     -1.56668
    0.490894     -1.52953
    0.726648     -1.46824
    0.950943     -1.38381
     1.16024     -1.27755
     1.35124     -1.15114
     1.52093     -1.00658
     1.66664    -0.846145
     1.78606    -0.672365
     1.87731    -0.487982
     1.93896    -0.295903
     1.97003   -0.0991571
     1.97003    0.0991571
     1.93896     0.295903
     1.87731     0.487982
     1.78606     0.672365
     1.66664     0.846145
     1.52093      1.00658
     1.35124      1.15114
     1.16024      1.27755
    0.950943      1.38381
    0.726648      1.46824
    0.490894      1.52953
    0.247398      1.56668
  3.3843e-15      1.57914
   -0.247398      1.56668
   -0.490894      1.52953
   -0.726648      1.46824
   -0.950943      1.38381
    -1.16024      1.27755
    -1.35124      1.15114
    -1.52093      1.00658
    -1.66664     0.846145
    -1.78606     0.672365
    -1.87731     0.487982
    -1.93896     0.295903
    -1.97003    0.0991571
    -1.97003   -0.0991571
    -1.93896    -0.295903
    -1.87731    -0.487982
    -1.78606    -0.672365
    -1.66664    -0.846145
    -1.52093     -1.00658
    -1.35124     -1.15114
    -1.16024     -1.27755
   -0.950943     -1.38381
   -0.726648     -1.46824
   -0.490894     -1.52953
   -0.247398     -1.56668
-1.06388e-14     -1.57914
    0.247398     -1.56668
    0.490894     -1.52953
    0.726648     -1.46824
    0.950943     -1.38381
     1.16024     -1.27755
     1.35124     -1.15114
     1.52093     -1.00658
     1.66664    -0.846145
     1.78606    -0.672365
     1.87731    -0.487982
     1.93896    -0.295903
     1.97003   -0.0991571
     1.97003    0.0991571
     1.93896     0.295903
     1.87731     0.487982
     1.78606     0.672365
     1.66664     0.846145
     1.52093      1.00658
     1.35124      1.15114
     1.16024      1.27755
    0.950943      1.38381
    0.726648      1.46824
    0.490894      1.52953
    0.247398      1.56668
 3.86777e-15      1.57914
   -0.247404      1.56668
   -0.490894      1.52953
   -0.726654      1.46824
   -0.950943      1.38381
    -1.16025      1.27755
    -1.35124      1.15114
    -1.52093      1.00658
    -1.66664     0.846145
    -1.78606     0.672361
    -1.87731     0.487982
    -1.93896     0.295898
    -1.97003    0.0991571
    -1.97003   -0.0991571
    -1.93896    -0.295898
    -1.87731    -0.487982
    -1.78606    -0.672361
    -1.66664    -0.846145
    -1.52093     -1.00658
    -1.35124     -1.15114
    -1.16025     -1.27755
   -0.950943     -1.38381
   -0.726654     -1.46824
   -0.490894     -1.52953
   -0.247404     -1.56668
 2.90327e-15     -1.57914
    0.247404     -1.56668
    0.490894     -1.52953
    0.726654     -1.46824
    0.950943     -1.38381
     1.16025     -1.27755
     1.35124     -1.15114
     1.52093     -1.00658
     1.66664    -0.846145
     1.78606    -0.672361
     1.87731    -0.487982
     1.93896    -0.295898
     1.97003   -0.0991571
     1.97003    0.0991571
     1.93896     0.295898
     1.87731     0.487982
     1.78606     0.672361
     1.66664     0.846145
     1.52093      1.00658
     1.35124      1.15114
     1.16025      1.27755
    0.950943      1.38381
    0.726654      1.46824
    0.490894      1.52953
    0.247404      1.56668
 4.35124e-15      1.57914
   -0.247404      1.56668
   -0.490894      1.52953
   -0.726654      1.46824
   -0.950943      1.38381
    -1.16025      1.27755
    -1.35124      1.15114
    -1.52093      1.00658
    -1.66664     0.846145
    -1.78606     0.672361
    -1.87731     0.487982
    -1.93896     0.295898
    -1.97003    0.0991571
    -1.97003   -0.0991571
    -1.93896    -0.295898
    -1.87731    -0.487982
    -1.78606    -0.672361
    -1.66664    -0.846145
    -1.52093     -1.00658
    -1.35124     -1.15114
    -1.16025     -1.27755
   -0.950943     -1.38381
   -0.726654     -1.46824
   -0.490894     -1.52953
   -0.247404     -1.56668
-1.16058e-14     -1.57914
    0.247404     -1.56668
    0.490894     -1.52953
    0.726654     -1.46824
    0.950943     -1.38381
     1.16025     -1.27755
     1.35124     -1.15114
     1.52093     -1.00658
     1.66664    -0.846145
     1.78606    -0.672361
     1.87731    -0.487982
     1.93896    -0.295898
     1.97003   -0.0991571
     1.97003    0.0991571
     1.93896     0.295898
     1.87731     0.487982
     1.78606     0.672361
     1.66664     0.846145
     1.52093      1.00658
     1.35124      1.15114
     1.16025      1.27755
    0.950943      1.38381
    0.726654      1.46824
    0.490894      1.52953
    0.247404      1.56668
 4.83471e-15      1.57914
   -0.247404      1.56668
   -0.490894      1.52953
   -0.726654      1.46824
   -0.950943      1.38381
    -1.16025      1.27755
    -1.35124      1.15114
    -1.52093      1.00658
    -1.66664     0.846145
    -1.78606     0.672361
    -1.87731     0.487982
    -1.93896     0.295898
    -1.97003    0.0991571
    -1.97003   -0.0991571
    -1.93896    -0.295898
    -1.87731    -0.487982
    -1.78606    -0.672361
    -1.66664    -0.846145
    -1.52093     -1.00658
    -1.35124     -1.15114
    -1.16025     -1.27755
   -0.950943     -1.38381
   -0.726654     -1.46824
   -0.490894     -1.52953
   -0.247404     -1.56668
 1.93633e-15     -1.57914
    0.247404     -1.56668
    0.490894     -1.52953
    0.726654     -1.46824
    0.950943     -1.38381
     1.16025     -1.27755
     1.35124     -1.15114
     1.52093     -1.00658
     1.66664    -0.846145
     1.78606    -0.672361
     1.87731    -0.487982
     1.93896    -0.295898
     1.97003   -0.0991571
     1.97003    0.0991571
     1.93896     0.295898
     1.87731     0.487982
     1.78606     0.672361
     1.66664     0.846145
     1.52093      1.00658
     1.35124      1.15114
     1.16025      1.27755
    0.950943      1.38381
    0.726654      1.46824
    0.490894      1.52953
    0.247404      1.56668
 1.93437e-14      1.57914
   -0.247404      1.56668
   -0.490894      1.52953
   -0.726654      1.46824
   -0.950943      1.38381
    -1.16025      1.27755
    -1.35124      1.15114
    -1.52093      1.00658
    -1.66664     0.846145
    -1.78606     0.672361
    -1.87731     0.487982
    -1.93896     0.295898
    -1.97003    0.0991571
    -1.97003   -0.0991571
    -1.93896    -0.295898
    -1.87731    -0.487982
    -1.78606    -0.672361
    -1.66664    -0.846145
    -1.52093     -1.00658
    -1.35124     -1.15114
    -1.16025     -1.27755
   -0.950943     -1.38381
   -0.726654     -1.46824
   -0.490894     -1.52953
   -0.247404     -1.56668
-1.25727e-14     -1.57914
    0.247404     -1.56668
    0.490894     -1.52953
    0.726654     -1.46824
    0.950943     -1.38381
     1.16025     -1.27755
     1.35124     -1.15114
     1.52093     -1.00658
     1.66664    -0.846145
     1.78606    -0.672361
     1.87731    -0.487982
     1.93896    -0.295898
     1.97003   -0.0991571
     1.97003    0.0991571
     1.93896     0.295898
     1.87731     0.487982
     1.78606     0.672361
     1.66664     0.846145
     1.52093      1.00658
     1.35124      1.15114
     1.16025      1.27755
    0.950943      1.38381
    0.726654      1.46824
    0.490894      1.52953
    0.247404      1.56668
 5.80165e-15      1.57914
   -0.247404      1.56668
   -0.490894      1.52953
   -0.726654      1.46824
   -0.950943      1.38381
    -1.16025      1.27755
    -1.35124      1.15114
    -1.52093      1.00658
    -1.66664     0.846145
    -1.78606     0.672361
    -1.87731     0.487982
    -1.93896     0.295898
    -1.97003    0.0991571
    -1.97003   -0.0991571
    -1.93896    -0.295898
    -1.87731    -0.487982
    -1.78606    -0.672361
    -1.66664    -0.846145
    -1.52093     -1.00658
    -1.35124     -1.15114
    -1.16025     -1.27755
   -0.950943     -1.38381
   -0.726654     -1.46824
   -0.490894     -1.52953
   -0.247404     -1.56668
 9.69386e-16     -1.57914
    0.247404     -1.56668
    0.490894     -1.52953
    0.726654     -1.46824
    0.950943     -1.38381
     1.16025     -1.27755
     1.35124     -1.15114
     1.52093     -1.00658
     1.66664    -0.846145
     1.78606    -0.672361
     1.87731    -0.487982
     1.93896    -0.295898
     1.97003   -0.0991571
     1.97003    0.0991571
     1.93896     0.295898
     1.87731     0.487982
     1.78606     0.672361
     1.66664     0.846145
     1.52093      1.00658
     1.35124      1.15114
     1.16025      1.27755
    0.950943      1.38381
    0.726654      1.46824
    0.490894      1.52953
    0.247404      1.56668
-7.74043e-15      1.57914
   -0.247404      1.56668
   -0.490894      1.52953
   -0.726654      1.46824
   -0.950943      1.38381
    -1.16025      1.27755
    -1.35124      1.15114
    -1.52093      1.00658
    -1.66664     0.846145
    -1.78606     0.672361
    -1.87731     0.487982
    -1.93896     0.295898
    -1.97003    0.0991571
    -1.97003   -0.0991571
    -1.93896    -0.295898
    -1.87731    -0.487982
    -1.78606    -0.672361
    -1.66664    -0.846145
    -1.52093     -1.00658
    -1.35124     -1.15114
    -1.16025     -1.27755
   -0.950943     -1.38381
   -0.726654     -1.46824
   -0.490894     -1.52953
   -0.247404     -1.56668
-1.35396e-14     -1.57914
    0.247404     -1.56668
    0.490894     -1.52953
    0.726654     -1.46824
    0.950943     -1.38381
     1.16025     -1.27755
     1.35124     -1.15114
     1.52093     -1.00658
     1.66664    -0.846145
     1.78606    -0.672361
     1.87731    -0.487982
     1.93896    -0.295898
     1.97003   -0.0991571
     1.97003    0.0991571
     1.93896     0.295898
     1.87731     0.487982
     1.78606     0.672361
     1.66664     0.846145
     1.52093      1.00658
     1.35124      1.15114
     1.16025      1.27755
    0.950943      1.38381
    0.726654      1.46824
    0.490894      1.52953
    0.247404      1.56668
  6.7686e-15      1.57914
   -0.247404      1.56668
   -0.490894      1.52953
   -0.726654      1.46824
   -0.950943      1.38381
    -1.16025      1.27755
    -1.35124      1.15114
    -1.52093      1.00658
    -1.66664     0.846145
    -1.78606     0.672361
    -1.87731     0.487982
    -1.93896     0.295898
    -1.97003    0.0991571
    -1.97003   -0.0991571
    -1.93896    -0.295898
    -1.87731    -0.487982
    -1.78606    -0.672361
    -1.66664    -0.846145
    -1.52093     -1.00658
    -1.35124     -1.15114
    -1.16025     -1.27755
   -0.950943     -1.38381
   -0.726654     -1.46824
   -0.490894     -1.52953
   -0.247404     -1.56668
 2.44364e-18     -1.57914
    0.247404     -1.56668
    0.490894     -1.52953
    0.726654     -1.46824
    0.950943     -1.38381
     1.16025     -1.27755
     1.35124     -1.15114
     1.52093     -1.00658
     1.66664    -0.846145
     1.78606    -0.672361
     1.87731    -0.487982
     1.93896    -0.295898
     1.97003   -0.0991571
     1.97003    0.0991571
     1.93896     0.295898
     1.87731     0.487982
     1.78606     0.672361
     1.66664     0.846145
     1.52093      1.00658
     1.35124      1.15114
     1.16025      1.27755
    0.950943      1.38381
    0.726654      1.46824
    0.490894      1.52953
    0.247404      1.56668
 2.12776e-14      1.57914
   -0.247404      1.56668
   -0.490894      1.52953
   -0.726654      1.46824
   -0.950943      1.38381
    -1.16025      1.27755
    -1.35124      1.15114
    -1.52093      1.00658
    -1.66664     0.846145
    -1.78606     0.672361
    -1.87731     0.487982
    -1.93896     0.295898
    -1.97003    0.0991571
    -1.97003   -0.0991571
    -1.93896    -0.295898
    -1.87731    -0.487982
    -1.78606    -0.672361
    -1.66664    -0.846145
    -1.52093     -1.00658
    -1.35124     -1.15114
    -1.16025     -1.27755
   -0.950943     -1.38381
   -0.726654     -1.46824
   -0.490894     -1.52953
   -0.247404     -1.56668
-1.45066e-14     -1.57914
    0.247404     -1.56668
    0.490894     -1.52953
    0.726654     -1.46824
    0.950943     -1.38381
     1.16025     -1.27755
     1.35124     -1.15114
     1.52093     -1.00658
     1.66664    -0.846145
     1.78606    -0.672361
     1.87731    -0.487982
     1.93896    -0.295898
     1.97003   -0.0991571
     1.97003    0.0991571
     1.93896     0.295898
     1.87731     0.487982
     1.78606     0.672361
     1.66664     0.846145
     1.52093      1.00658
     1.35124      1.15114
     1.16025      1.27755
    0.950943      1.38381
    0.726654      1.46824
    0.490894      1.52953
    0.247404      1.56668
 7.73554e-15      1.57914
   -0.247404      1.56668
   -0.490905      1.52952
   -0.726643      1.46825
   -0.950943      1.38381
    -1.16025      1.27755
    -1.35125      1.15114
    -1.52093      1.00658
    -1.66664     0.846145
    -1.78606     0.672361
    -1.87731     0.487973
    -1.93896     0.295907
    -1.97003    0.0991571
    -1.97003   -0.0991571
    -1.93896    -0.295907
    -1.87731    -0.487973
    -1.78606    -0.672361
    -1.66664    -0.846145
    -1.52093     -1.00658
    -1.35125     -1.15114
    -1.16025     -1.27755
   -0.950943     -1.38381
   -0.726643     -1.46825
   -0.490905     -1.52952
   -0.247404     -1.56668
-9.64499e-16     -1.57914
    0.247404     -1.56668
    0.490905     -1.52952
    0.726643     -1.46825
    0.950943     -1.38381
     1.16025     -1.27755
     1.35125     -1.15114
     1.52093     -1.00658
     1.66664    -0.846145
     1.78606    -0.672361
     1.87731    -0.487973
     1.93896    -0.295907
     1.97003   -0.0991571
     1.97003    0.0991571
     1.93896     0.295907
     1.87731     0.487973
     1.78606     0.672361
     1.66664     0.846145
     1.52093      1.00658
     1.35125      1.15114
     1.16025      1.27755
    0.950943      1.38381
    0.726643      1.46825
    0.490905      1.52952
    0.247404      1.56668
-5.80654e-15      1.57914
   -0.247404      1.56668
   -0.490905      1.52952
   -0.726643      1.46825
   -0.950943      1.38381
    -1.16025      1.27755
    -1.35125      1.15114
    -1.52093      1.00658
    -1.66664     0.846145
    -1.78606     0.672361
    -1.87731     0.487973
    -1.93896     0.295907
    -1.97003    0.0991571
    -1.97003   -0.0991571
    -1.93896    -0.295907
    -1.87731    -0.487973
    -1.78606    -0.672361
    -1.66664    -0.846145
    -1.52093     -1.00658
    -1.35125     -1.15114
    -1.16025     -1.27755
   -0.950943     -1.38381
   -0.726643     -1.46825
   -0.490905     -1.52952
   -0.247404     -1.56668
-1.54735e-14     -1.57914
    0.247404     -1.56668
    0.490905     -1.52952
    0.726643     -1.46825
    0.950943     -1.38381
     1.16025     -1.27755
     1.35125     -1.15114
     1.52093     -1.00658
     1.66664    -0.846145
     1.78606    -0.672361
     1.87731    -0.487973
     1.93896    -0.295907
     1.97003   -0.0991571
     1.97003    0.0991571
     1.93896     0.295907
     1.87731     0.487973
     1.78606     0.672361
     1.66664     0.846145
     1.52093      1.00658
     1.35125      1.15114
     1.16025      1.27755
    0.950943      1.38381
    0.726643      1.46825
    0.490905      1.52952
    0.247404      1.56668
 8.70248e-15      1.57914
   -0.247404      1.56668
   -0.490905      1.52952
   -0.726643      1.46825
   -0.950943      1.38381
    -1.16025      1.27755
    -1.35125      1.15114
    -1.52093      1.00658
    -1.66664     0.846145
    -1.78606     0.672361
    -1.87731     0.487973
    -1.93896     0.295907
    -1.97003    0.0991571
    -1.97003   -0.0991571
    -1.93896    -0.295907
    -1.87731    -0.487973
    -1.78606    -0.672361
    -1.66664    -0.846145
    -1.52093     -1.00658
    -1.35125     -1.15114
    -1.16025     -1.27755
   -0.950943     -1.38381
   -0.726643     -1.46825
   -0.490905     -1.52952
   -0.247404     -1.56668
-1.93144e-15     -1.57914
    0.247404     -1.56668
    0.490905     -1.52952
    0.726643     -1.46825
    0.950943     -1.38381
     1.16025     -1.27755
     1.35125     -1.15114
     1.52093     -1.00658
     1.66664    -0.846145
     1.78606    -0.672361
     1.87731    -0.487973
     1.93896    -0.295907
     1.97003   -0.0991571
     1.97003    0.0991571
     1.93896     0.295907
     1.87731     0.487973
     1.78606     0.672361
     1.66664     0.846145
     1.52093      1.00658
     1.35125      1.15114
     1.16025      1.27755
    0.950943      1.38381
    0.726643      1.46825
    0.490905      1.52952
    0.247404      1.56668
 2.32115e-14      1.57914
   -0.247404      1.56668
   -0.490905      1.52952
   -0.726643      1.46825
   -0.950943      1.38381
    -1.16025      1.27755
    -1.35125      1.15114
    -1.52093      1.00658
    -1.66664     0.846145
    -1.78606     0.672361
    -1.87731     0.487973
    -1.93896     0.295907
    -1.97003    0.0991571
    -1.97003   -0.0991571
    -1.93896    -0.295907
    -1.87731    -0.487973
    -1.78606    -0.672361
    -1.66664    -0.846145
    -1.52093     -1.00658
    -1.35125     -1.15114
    -1.16025     -1.27755
   -0.950943     -1.38381
   -0.726643     -1.46825
   -0.490905     -1.52952
   -0.247404     -1.56668
-1.64405e-14     -1.57914
    0.247404     -1.56668
    0.490905     -1.52952
    0.726643     -1.46825
    0.950943     -1.38381
     1.16025     -1.27755
     1.35125     -1.15114
     1.52093     -1.00658
     1.66664    -0.846145
     1.78606    -0.672361
     1.87731    -0.487973
     1.93896    -0.295907
     1.97003   -0.0991571
     1.97003    0.0991571
     1.93896     0.295907
     1.87731     0.487973
     1.78606     0.672361
     1.66664     0.846145
     1.52093      1.00658
     1.35125      1.15114
     1.16025      1.27755
    0.950943      1.38381
    0.726643      1.46825
    0.490905      1.52952
    0.247404      1.56668