  -0.222849 -0.00828883
   0.372572   -0.185704
  -0.315024    0.343505
   -0.37462    0.165043
  -0.300302    0.110779
  -0.271451    0.160181
  -0.236594    0.208558
  -0.193641    0.248413
   -0.14407     0.28065
 -0.0848177    0.303738
 -0.0208031    0.314326
  0.0391202    0.313255
  0.0879182    0.302906
   0.141608    0.281821
   0.194913    0.247858
   0.240433    0.203995
   0.273219    0.157423
   0.290453    0.122589
   0.291686    0.119586
   0.277209    0.149919
   0.244951    0.198461
   0.201462    0.242692
   0.152473    0.276152
  0.0985181    0.299492
  0.0429464    0.312436
 -0.0155077    0.314936
 -0.0740609    0.306599
  -0.131582    0.286538
  -0.181138     0.25822
  -0.222477     0.22321
  -0.257723    0.181548
  -0.276703    0.150883
  -0.287198    0.129544
   -0.28826    0.127372
   -0.26617    0.164349
  -0.225714    0.221224
  -0.152525     0.27627
  -0.070668    0.307509
-0.00605437    0.315348
  0.0245363    0.314047
  0.0239086    0.314531
  0.0181187    0.315154
   0.019652    0.314837
  0.0202611    0.314741
  0.0205608    0.314691
  0.0211132    0.314623
  0.0213859    0.314573
  0.0212861    0.314585
  0.0215772    0.314527
  0.0217278    0.314516
  0.0217876    0.314496
  0.0219032    0.314466
  0.0286454    0.313917
  0.0385785    0.312885
  0.0496199    0.311324
  0.0526997    0.310833
  0.0529819    0.310801
  0.0509736    0.311136
  0.0469687    0.311757
  0.0429516    0.312336
  0.0390059    0.312859
  0.0361425    0.313205
  0.0333277    0.313521
  0.0304757    0.313819
  0.0275987    0.314085
  0.0239659     0.31438
  0.0198922    0.314791
  0.0200966    0.314763
  0.0213453    0.314589
  0.0210036     0.31465
  0.0210161    0.314664
  0.0211177    0.314643
  0.0210524    0.314654
  0.0209231    0.314676
   0.020826    0.314692
  0.0207965    0.314695
  0.0206119     0.31472
  0.0205556    0.314734
  0.0206594     0.31472
  0.0204184    0.314759
  0.0204999    0.314703
  0.0194785    0.314829
   0.019456    0.314795
  0.0188955    0.314841
  0.0186052    0.314855
  0.0185115    0.314849
  0.0183834    0.314867
  0.0187165    0.314808
   0.018702    0.314826
  0.0185493    0.314878
   0.018942     0.31481
  0.0191762    0.314774
  0.0193883    0.314752
  0.0197886    0.314723
  0.0203901    0.314652
  0.0209285    0.314614
  0.0215182    0.314572
  0.0216467    0.314553
  0.0216224    0.314572
  0.0216554    0.314565
  0.0216467    0.314563
  0.0216215    0.314569
  0.0216401    0.314565
  0.0218145    0.314491
  0.0216239    0.314518
  0.0208883    0.314672
  0.0210332    0.314641
  0.0210524    0.314632
  0.0210469    0.314636
  0.0208367    0.314679
  0.0207551    0.314702
  0.0207253     0.31471
  0.0208008    0.314695
  0.0208135    0.314694
  0.0207602    0.314703
  0.0207661    0.314697
   0.020714    0.314704
  0.0207442    0.314701
  0.0208036     0.31469
  0.0208463    0.314689
  0.0208805    0.314685
  0.0209075    0.314682
  0.0209024    0.314675
   0.020932    0.314679
  0.0210135    0.314658
  0.0209861     0.31467
  0.0210092    0.314661
  0.0210777    0.314652
  0.0210299    0.314657
  0.0210095    0.314655
  0.0209398    0.314662
   0.020976    0.314655
  0.0209824    0.314663
  0.0209121    0.314668
    0.02091    0.314662
  0.0209231    0.314662
  0.0208726     0.31467
  0.0208446    0.314678
  0.0208173    0.314679
  0.0205338    0.314766
  0.0210083    0.314672
  0.0209823    0.314683
   0.021315    0.314625
  0.0213361    0.314626
  0.0213191    0.314632
  0.0213513    0.314625
  0.0213858     0.31462
  0.0213928     0.31461
  0.0215325    0.314581
   0.021486    0.314598
  0.0215445    0.314593
  0.0216039    0.314583
  0.0216266    0.314581
  0.0215423    0.314557
  0.0211877    0.314629
  0.0212239    0.314619
  0.0212248    0.314617
  0.0212119    0.314613
   0.021112    0.314629
  0.0210026    0.314643
  0.0210404    0.314641
  0.0209326    0.314663
  0.0209431    0.314661
    0.02092    0.314672
  0.0208933    0.314674
  0.0208362     0.31468
  0.0209085     0.31468
  0.0209006    0.314674
  0.0209102    0.314675
  0.0209132    0.314681
   0.021044    0.314667
  0.0210077    0.314669
  0.0210026    0.314676
  0.0211132    0.314657
  0.0211351    0.314655
  0.0211438    0.314654
  0.0212125    0.314643
  0.0212019    0.314644
  0.0211388     0.31464
  0.0209829    0.314666
  0.0209842     0.31466
  0.0209484    0.314668
  0.0209889    0.314651
  0.0208587    0.314676
  0.0208708    0.314671
  0.0208773    0.314667
  0.0208059     0.31468
  0.0209271     0.31467
  0.0210985    0.314654
  0.0206008    0.314748
  0.0206961    0.314706
  0.0206329    0.314697
  0.0206362    0.314696
  0.0207655    0.314666
  0.0209034    0.314649
  0.0211353    0.314623
  0.0214019    0.314589
  0.0216118    0.314575
  0.0216107    0.314575
   0.021646     0.31457
  0.0215984    0.314579
  0.0215697    0.314587
  0.0215733    0.314588
  0.0214553    0.314555
  0.0213826    0.314571
  0.0210912    0.314643
  0.0210781    0.314641
  0.0211218    0.314631
  0.0210143    0.314649
  0.0209173    0.314673
  0.0209484    0.314668
  0.0208974    0.314673
  0.0206569     0.31472
  0.0207339    0.314708
  0.0207587    0.314703
  0.0208012    0.314699
  0.0208472    0.314695
    0.02088    0.314687
  0.0208223    0.314713
  0.0209258    0.314685
  0.0209735    0.314678
  0.0210504    0.314672
  0.0210798    0.314663
   0.021089    0.314658
  0.0210672    0.314664
  0.0211203    0.314652
  0.0211396    0.314646
  0.0209973    0.314663
  0.0210101    0.314668
  0.0210165    0.314666
  0.0210565     0.31466
  0.0210405    0.314664
  0.0210078    0.314675
  0.0208991    0.314674
  0.0207669    0.314692
  0.0207944    0.314685
  0.0207928    0.314691
  0.0208889    0.314688
  0.0209358    0.314679
  0.0204822    0.314779
  0.0209215     0.31469
  0.0211616    0.314647
  0.0213121    0.314628
   0.021366    0.314615
  0.0213214    0.314614
  0.0213179    0.314621
  0.0213434    0.314616
  0.0213074    0.314618
    0.02129    0.314621
  0.0213766    0.314609
  0.0214992    0.314595
  0.0215304     0.31459
   0.021559    0.314587
  0.0217402    0.314479
  0.0213127    0.314569
  0.0210664    0.314618
   0.021021    0.314623
  0.0209718    0.314641
  0.0209745    0.314634
   0.020894    0.314655
  0.0208731    0.314662
  0.0207159    0.314672
  0.0206049    0.314683
  0.0205969    0.314705
  0.0208639    0.314661
  0.0207611    0.314674
  0.0208421    0.314659
  0.0207931    0.314667
  0.0207776    0.314667
  0.0208474     0.31466
  0.0208996    0.314655
  0.0208543    0.314654
  0.0209558    0.314647
   0.020895    0.314651
  0.0209147    0.314651
  0.0209396    0.314646
  0.0209122    0.314665
  0.0210413    0.314649
  0.0210342    0.314635
  0.0209368    0.314649
  0.0208471    0.314674
  0.0208439    0.314662
  0.0209388    0.314649
  0.0209609    0.314659
  0.0209718    0.314667
  0.0209513    0.314669
   0.020901    0.314682
  0.0210068    0.314661
  0.0209948     0.31466
  0.0204029    0.314792
   0.020964    0.314689
  0.0215547    0.314584
  0.0213127    0.314614
  0.0209184     0.31466
  0.0211519    0.314627
  0.0214788    0.314581
  0.0213963    0.314601
  0.0213026    0.314614
  0.0212644    0.314615
  0.0212479    0.314617
  0.0212553    0.314615
  0.0212823    0.314615
   0.021343    0.314609
  0.0215879    0.314518
  0.0210415    0.314609
  0.0210339    0.314617
  0.0209029     0.31462
  0.0207202     0.31464
  0.0205883    0.314657
  0.0204795    0.314676
  0.0204724    0.314675
  0.0201633    0.314714
  0.0201655    0.314735
  0.0206917    0.314654
  0.0205792    0.314658
  0.0204674    0.314689
  0.0205411    0.314673
  0.0207349    0.314659
  0.0206095    0.314664
  0.0205892    0.314693
  0.0204852    0.314702
  0.0205594    0.314644
  0.0199462    0.314747
  0.0197909    0.314744
  0.0201233    0.314706
  0.0202764    0.314667
  0.0197627    0.314747
  0.0201665    0.314674
  0.0199022    0.314719
  0.0193283     0.31477
  0.0193563    0.314767
  0.0194104    0.314738
  0.0193931    0.314732
  0.0191708    0.314752
  0.0188984    0.314778
  0.0182728    0.314857
  0.0190254    0.314756
  0.0190867     0.31474
  0.0187236    0.314803
  0.0180886    0.314912
  0.0181884    0.314863
  0.0181922    0.314829
  0.0180848    0.314825
  0.0182252    0.314797
  0.0182618    0.314787
  0.0181215    0.314792
  0.0175978    0.314854
  0.0179836    0.314786
  0.0174167    0.314857
  0.0178243    0.314758
  0.0172054    0.314852
  0.0165236    0.314917
  0.0162318    0.314926
  0.0163298      0.3149
  0.0167219    0.314799
   0.016437    0.314858
  0.0165552    0.314873
  0.0167316    0.314864
  0.0167456    0.314861
  0.0166735     0.31487
  0.0166759    0.314861
  0.0166906    0.314855
  0.0166476    0.314849
  0.0165226    0.314849
  0.0162872    0.314833
  0.0155788    0.314902
  0.0144765    0.315035
  0.0146222    0.315044
  0.0155105    0.314948
  0.0157809    0.314922
  0.0155297    0.314954
  0.0155491    0.314962
  0.0158316    0.314933
  0.0160288     0.31492
  0.0162227    0.314914
   0.016438    0.314901
  0.0166347    0.314891
  0.0168143    0.314881
   0.017004    0.314871
   0.017186     0.31486
  0.0173575    0.314852
  0.0175238    0.314844
  0.0177189    0.314834
  0.0179176    0.314823
  0.0181227    0.314811
  0.0183239      0.3148
  0.0185241    0.314789
  0.0187259    0.314777
  0.0189303    0.314765
  0.0186207     0.31485
  0.0188946      0.3148
  0.0188856    0.314775
  0.0190458    0.314737
  0.0191284    0.314733
  0.0192452    0.314714
  0.0192169    0.314718
  0.0190994    0.314727
  0.0189505     0.31474
  0.0187842    0.314755
  0.0185811     0.31477
  0.0186284    0.314751
  0.0183995    0.314776
  0.0182795    0.314775
  0.0180206    0.314786
  0.0181602    0.314746
  0.0181973    0.314753
  0.0182047    0.314774
  0.0182819    0.314802
  0.0186379    0.314756
  0.0185954    0.314785
  0.0187573    0.314783
  0.0190913    0.314764
  0.0193724     0.31475
   0.019579    0.314742
  0.0199853    0.314709
  0.0202777    0.314682
  0.0208381    0.314622
  0.0205619    0.314656
   0.020486    0.314672
  0.0202622     0.31469
  0.0203514    0.314699
   0.020512    0.314683
  0.0208143    0.314648
  0.0207733    0.314663
  0.0207622    0.314663
  0.0207194    0.314667
  0.0206772    0.314672
  0.0206516    0.314676
   0.020498    0.314674
  0.0205138    0.314677
  0.0205544    0.314677
  0.0205963    0.314673
  0.0206084     0.31467
  0.0206091     0.31467
  0.0206101    0.314678
  0.0207971    0.314662
  0.0208392    0.314659
  0.0208619    0.314658
  0.0208726    0.314656
  0.0202337    0.314756
  0.0202627    0.314738
  0.0205371    0.314696
   0.021009    0.314613
  0.0213306    0.314574
  0.0212799    0.314583
  0.0211231     0.31461
  0.0210631    0.314614
    0.02097    0.314626
  0.0210994    0.314609
  0.0211329    0.314611
  0.0211675    0.314596
  0.0212664    0.314582
  0.0213614    0.314573
  0.0213695    0.314531
   0.021077    0.314582
  0.0210056    0.314595
  0.0209552     0.31461
  0.0209138    0.314615
   0.020818    0.314637
  0.0208115    0.314634
  0.0207365    0.314651
  0.0210486    0.314605
  0.0211908    0.314597
  0.0212951    0.314586
    0.02135    0.314578
  0.0213621    0.314578
  0.0213715    0.314578
  0.0213848    0.314577
  0.0214041    0.314575
  0.0214198    0.314575
  0.0214435    0.314574
  0.0214953    0.314565
  0.0215344    0.314559
  0.0215393    0.314558
  0.0215212    0.314562
  0.0215111    0.314565
  0.0215356    0.314559
  0.0215371    0.314558
  0.0215086    0.314564
  0.0215035    0.314567
  0.0215201    0.314563
  0.0215153    0.314564
  0.0215038    0.314567
  0.0215171    0.314565
  0.0215387    0.314559
  0.0215276    0.314562
   0.021502    0.314566
  0.0215096    0.314565
  0.0214946    0.314569
  0.0208974      0.3147
  0.0211156    0.314639
  0.0213931    0.314582
   0.021683    0.314522
  0.0215656     0.31454
  0.0213104    0.314584
  0.0212271    0.314602
  0.0211375    0.314612
  0.0212023    0.314596
  0.0211712    0.314596
  0.0211619    0.314597
   0.021227    0.314589
  0.0213283    0.314576
  0.0215992    0.314543
  0.0219232     0.31446
  0.0218221    0.314481
  0.0220266    0.314442
  0.0220695    0.314453
  0.0222513    0.314446
  0.0224075    0.314425
  0.0226076    0.314412
  0.0227194    0.314409
   0.022908    0.314393
  0.0230707    0.314384
  0.0232785    0.314359
  0.0233216    0.314367
  0.0234902    0.314346
  0.0234744    0.314358
  0.0235792    0.314343
  0.0235847    0.314347
  0.0237306     0.31433
  0.0238695    0.314314
  0.0239063    0.314331
  0.0241311    0.314301
  0.0240988    0.314305
  0.0241848    0.314299
  0.0242215      0.3143
  0.0243293      0.3143
  0.0244817    0.314274
  0.0244727    0.314285
  0.0245961    0.314269
  0.0246861    0.314256
  0.0246378     0.31427
  0.0246304    0.314275
  0.0246686    0.314265
  0.0246402     0.31428
  0.0247714    0.314262
  0.0247707    0.314253
  0.0247496    0.314264
  0.0247788    0.314267
  0.0233084    0.314383
  0.0207398    0.314626
  0.0204145     0.31468
  0.0214282    0.314552
  0.0215387    0.314531
  0.0214816    0.314547
  0.0215279    0.314536
  0.0215343    0.314533
  0.0215037     0.31454
  0.0215121    0.314538
  0.0215043    0.314545
  0.0215196    0.314547
  0.0215749     0.31453
  0.0216049    0.314517
  0.0217231    0.314494
  0.0219731     0.31448
  0.0223076    0.314442
  0.0225495    0.314425
  0.0226876    0.314413
  0.0228094    0.314406
  0.0229579    0.314397
  0.0231875    0.314382
  0.0233494    0.314375
  0.0235058    0.314355
    0.02367    0.314345
  0.0238446    0.314332
  0.0240015     0.31432
  0.0241583    0.314307
  0.0243067    0.314301
  0.0246171    0.314278
  0.0248546    0.314253
  0.0249436    0.314249
  0.0250661    0.314245
  0.0251132    0.314235
  0.0250727     0.31424
  0.0251088    0.314236
  0.0251004    0.314243
  0.0251408    0.314238
  0.0252346    0.314234
  0.0253077     0.31423
  0.0253695    0.314226
  0.0255049    0.314215
  0.0256059    0.314202
  0.0255804    0.314213
  0.0256579    0.314198
  0.0257541    0.314195
  0.0258479    0.314185
  0.0258607    0.314183
  0.0259126    0.314181
  0.0259353    0.314175
  0.0243885    0.314304
   0.022152    0.314469
  0.0203224    0.314631
  0.0204365    0.314674
   0.021481    0.314562
  0.0214758    0.314546
  0.0214762    0.314549
  0.0215178    0.314539
  0.0214898    0.314546
  0.0214632    0.314553
  0.0214872    0.314549
  0.0215677    0.314543
  0.0215694    0.314539
  0.0216146    0.314532
  0.0219921    0.314518
   0.022796    0.314466
  0.0236943    0.314397
  0.0244115    0.314339
  0.0249221      0.3143
  0.0253949    0.314263
  0.0258471    0.314225
   0.026308    0.314191
   0.026769    0.314152
  0.0272371    0.314108
  0.0277479    0.314066
  0.0282465    0.314021
  0.0286638    0.313984
  0.0290626    0.313953
  0.0294559    0.313917
  0.0298374    0.313878
  0.0302301    0.313843
  0.0306175    0.313801
  0.0309424    0.313767
  0.0312778    0.313734
  0.0315856    0.313705
  0.0318401    0.313677
   0.032092    0.313652
  0.0323555     0.31362
  0.0326039    0.313599
  0.0328575    0.313574
  0.0331276    0.313547
  0.0334004    0.313518
  0.0336588    0.313491
  0.0339066    0.313465
    0.03415    0.313439
  0.0344057    0.313408
  0.0346065    0.313389
  0.0348133    0.313366
  0.0350364    0.313342
  0.0352604    0.313318
  0.0335381    0.313473
  0.0307194    0.313732
  0.0289204    0.313942
  0.0272046    0.314069
  0.0264369    0.314159
  0.0265901    0.314155
    0.02702    0.314117
  0.0272343    0.314091
  0.0269586      0.3141
  0.0264124    0.314146
  0.0260949    0.314179
  0.0258029    0.314203
  0.0253251    0.314234
  0.0247161    0.314269
  0.0248281    0.314306
  0.0254091    0.314263
   0.026011     0.31421
  0.0265461    0.314163
  0.0269797    0.314126
  0.0273644    0.314091
  0.0277707    0.314055
  0.0281746    0.314018
   0.028578    0.313985
  0.0289673    0.313947
  0.0292905    0.313915
  0.0295691    0.313889
  0.0299028    0.313862
  0.0302917    0.313822
  0.0307632    0.313787
  0.0312244    0.313743
   0.031657    0.313702
  0.0321107    0.313657
  0.0325733    0.313611
  0.0330617    0.313561
  0.0335547    0.313507
  0.0339966    0.313462
  0.0344542    0.313415
  0.0349431    0.313362
  0.0354742    0.313303
  0.0360313    0.313242
  0.0365827    0.313179
  0.0370899    0.313118
  0.0375262    0.313065
  0.0379102    0.313016
  0.0382462    0.312975
  0.0385186    0.312937
  0.0387383    0.312911
  0.0389629    0.312882
  0.0391772    0.312856
  0.0393883    0.312831
  0.0378934    0.312992
  0.0351239    0.313268
  0.0342908    0.313402
  0.0336749    0.313462
  0.0331654    0.313525
  0.0329316    0.313547
  0.0327843     0.31357
  0.0326549    0.313581
  0.0323282    0.313608
  0.0320674    0.313633
  0.0318222    0.313662
  0.0315822    0.313679
  0.0310275    0.313742
  0.0282402    0.313972
  0.0252468    0.314219
  0.0238953    0.314413
     0.0248    0.314312
  0.0250232    0.314313
  0.0251094     0.31431
  0.0251707    0.314301
  0.0250431    0.314309
   0.024795    0.314343
  0.0247193    0.314352
  0.0246455    0.314362
   0.024488    0.314374
  0.0243622    0.314381
  0.0242912    0.314384
  0.0242492    0.314386
  0.0242242    0.314387
  0.0242102    0.314387
   0.024204    0.314387
  0.0242029    0.314387
  0.0242048    0.314386
  0.0242086    0.314385
  0.0242151    0.314384
  0.0242231    0.314384
  0.0242348    0.314383
  0.0242412    0.314382
  0.0242477    0.314382
  0.0242428    0.314382
  0.0242372    0.314382
  0.0241922    0.314384
  0.0241084    0.314392
  0.0240035      0.3144
  0.0238783    0.314411
  0.0237434    0.314421
  0.0236065    0.314431
  0.0234761    0.314441
  0.0233513    0.314449
  0.0232227    0.314459
  0.0222079    0.314458
  0.0207009    0.314702
  0.0216811    0.314535
  0.0217757    0.314504
  0.0217419    0.314519
  0.0217733    0.314508
  0.0217293    0.314522
  0.0216967    0.314529
  0.0217311    0.314521
  0.0217804    0.314507
  0.0216886    0.314535
  0.0217384    0.314514
  0.0216429    0.314544
  0.0217402    0.314518
  0.0219715    0.314532
  0.0231957    0.314454
   0.023323    0.314444
   0.023013    0.314462
  0.0228203    0.314483
  0.0225973    0.314507
  0.0224474    0.314515
   0.022366     0.31452
  0.0222977    0.314526
  0.0221769    0.314537
  0.0219844    0.314553
  0.0217687    0.314569
  0.0215892     0.31458
  0.0214797    0.314584
  0.0214229    0.314586
  0.0213834    0.314586
  0.0214161    0.314582
  0.0214183    0.314588
  0.0213765      0.3146
  0.0214071    0.314598
  0.0214599    0.314589
  0.0214996    0.314579
  0.0215405    0.314569
  0.0215505    0.314566
  0.0215192    0.314572
  0.0214611    0.314584
   0.021419    0.314592
  0.0214006    0.314596
  0.0214197    0.314594
  0.0214933    0.314578
  0.0215261    0.314568
  0.0214883    0.314575
  0.0213885    0.314589
  0.0214111    0.314587
  0.0213803    0.314595
  0.0213847    0.314595
  0.0215071    0.314569
  0.0206135    0.314746
  0.0215821    0.314552
  0.0217953    0.314507
  0.0217652    0.314511
  0.0216844    0.314533
  0.0216685    0.314537
  0.0216648    0.314537
   0.021699    0.314528
   0.021717    0.314525
  0.0217623    0.314511
  0.0217769     0.31451
  0.0218508    0.314487
  0.0217073    0.314521
  0.0219451    0.314527
  0.0235439    0.314418
  0.0245421    0.314372
  0.0225228    0.314502
  0.0210082    0.314606
  0.0209789    0.314622
    0.02199    0.314532
  0.0224802    0.314508
  0.0225037    0.314505
    0.02244    0.314506
  0.0222421    0.314522
  0.0218532    0.314551
  0.0213655    0.314605
  0.0214072    0.314604
  0.0213988    0.314605
  0.0213947    0.314581
  0.0213486    0.314587
  0.0213691    0.314585
  0.0213649    0.314594
  0.0214048    0.314592
  0.0214347     0.31459
  0.0214611    0.314587
  0.0214957    0.314579
  0.0215199     0.31457
  0.0215185    0.314569
  0.0215147    0.314571
  0.0214945    0.314577
  0.0214725    0.314583
  0.0214648    0.314586
  0.0214797    0.314583
  0.0215051    0.314576
  0.0215336    0.314566
  0.0215284    0.314566
  0.0215226    0.314568
   0.021482    0.314579
  0.0214606    0.314587
  0.0214473    0.314587
  0.0221862    0.314559
  0.0212461    0.314597
  0.0218844    0.314498
  0.0216038    0.314545
  0.0216095    0.314553
  0.0216992    0.314529
  0.0217454    0.314515
  0.0216816    0.314528
  0.0216023    0.314518
  0.0215537     0.31453
  0.0216794    0.314515
  0.0220858    0.314452
  0.0217103    0.314505
  0.0219279    0.314454
  0.0222274     0.31451
  0.0242552    0.314357
  0.0259897    0.314246
  0.0248559    0.314333
  0.0221809    0.314527
    0.02041    0.314646
  0.0203884    0.314645
  0.0218567    0.314551
  0.0233945    0.314441
  0.0230073    0.314471
  0.0216903    0.314565
  0.0207814    0.314655
  0.0213505    0.314588
  0.0217183    0.314563
  0.0213737    0.314559
  0.0212592    0.314586
  0.0212134    0.314608
  0.0211715    0.314626
  0.0212366    0.314617
  0.0213361    0.314597
  0.0214428    0.314572
  0.0214699    0.314568
  0.0214438    0.314578
  0.0213195    0.314593
  0.0213188      0.3146
   0.021309    0.314606
  0.0213491    0.314601
  0.0214399     0.31458
  0.0215177    0.314565
  0.0215424    0.314566
  0.0215192    0.314573
  0.0213612     0.31459
  0.0212834    0.314609
  0.0213105    0.314606
  0.0213631    0.314597
  0.0216411     0.31454
  0.0222028    0.314482
  0.0211558    0.314586
  0.0222476    0.314471
  0.0218793    0.314501
  0.0212832    0.314598
  0.0217883    0.314507
  0.0216157    0.314546
  0.0216908     0.31453
  0.0216535    0.314541
  0.0216272    0.314549
  0.0218431    0.314497
   0.021583     0.31453
  0.0217696    0.314503
  0.0222581    0.314505
  0.0242764    0.314355
  0.0255859    0.314279
  0.0237054    0.314421
  0.0206003    0.314637
  0.0195333    0.314736
  0.0205043    0.314641
  0.0229235     0.31447
  0.0249858    0.314323
  0.0251009    0.314318
  0.0226315    0.314493
  0.0195925    0.314753
  0.0192593     0.31476
  0.0204562    0.314644
   0.022917    0.314475
   0.025191    0.314307
   0.026135    0.314232
  0.0247711    0.314344
  0.0222788    0.314524
  0.0215231      0.3146
  0.0223173    0.314525
  0.0229793    0.314468
  0.0227954    0.314488
   0.022664    0.314497
  0.0223354    0.314531
  0.0219602     0.31456
   0.021626    0.314581
   0.021437    0.314586
  0.0214337    0.314577
  0.0214565    0.314574
   0.021355    0.314589
  0.0213435    0.314593
  0.0213158    0.314603
  0.0212998    0.314612
  0.0213789    0.314598
   0.021477    0.314573
  0.0219533    0.314495
  0.0211202    0.314639
  0.0216131    0.314553
  0.0218682    0.314487
  0.0217679    0.314509
  0.0216435    0.314543
  0.0217208    0.314521
  0.0217577    0.314515
  0.0217426    0.314516
  0.0217821    0.314508
   0.021777    0.314509
  0.0218471    0.314482
  0.0218818    0.314468
  0.0216511    0.314514
  0.0222264    0.314504
  0.0248128    0.314311
  0.0269225    0.314173
  0.0258955    0.314253
  0.0227805    0.314477
  0.0202389    0.314658
  0.0197222    0.314701
   0.020853    0.314619
   0.022823    0.314472
  0.0232738    0.314456
  0.0217099    0.314563
  0.0203713    0.314701
  0.0208276    0.314632
  0.0221041    0.314522
  0.0235178    0.314429
  0.0247139    0.314339
  0.0248159    0.314336
  0.0228532    0.314476
  0.0199486     0.31473
  0.0194844    0.314758
  0.0203143    0.314648
  0.0219308    0.314546
  0.0236175    0.314418
  0.0243146    0.314354
  0.0237949    0.314415
   0.023176    0.314495
  0.0231388     0.31448
  0.0229691    0.314483
  0.0228719    0.314483
  0.0229203     0.31447
  0.0229491    0.314471
  0.0228722    0.314486
   0.022642    0.314509
  0.0223487    0.314532
  0.0220566     0.31455
  0.0218342     0.31456
  0.0217054     0.31454
  0.0214858    0.314573
  0.0215974    0.314556
  0.0218603    0.314486
  0.0220058    0.314493
  0.0217236     0.31452
   0.021599    0.314558
   0.021738    0.314516
  0.0217466    0.314514
  0.0217726     0.31451