    -35.3791     -21.3937
     67.9073      61.8416
    -11.4645      5.12844
   -0.686532     -8.89633
     3.98228     -2.96885
     1.64978       2.3126
     1.96734      2.24733
     2.32541      1.78579
     2.62468      1.37545
     3.06859     0.851135
     3.24219     0.197286
     2.98518    -0.338807
     2.39278    -0.709125
     2.58041     -1.29713
     2.48553     -1.95972
     2.04811     -2.41427
     1.42425     -2.47059
    0.753149     -1.79242
    0.060864    -0.150472
   -0.803982      1.47637
    -1.83327      2.27121
    -2.38586      1.99069
     -2.5999      1.43745
     -2.7981     0.911541
    -2.83004     0.393751
    -2.92565    -0.146864
    -2.88036    -0.690645
    -2.76954     -1.27794
    -2.34313     -1.63682
    -1.91045     -1.92319
    -1.57759     -2.23098
   -0.860097     -1.58571
   -0.484155     -1.08604
  -0.0526669     -0.10884
     1.22539      1.76294
     2.34219      2.61975
     4.03115      2.19856
     4.28351     0.981686
     3.25907    0.0566745
     1.52418    -0.139267
  -0.0314517    0.0241469
   -0.289883    0.0284789
   0.0765908   -0.0160503
   0.0304501  -0.00480063
   0.0149827  -0.00252296
   0.0276165  -0.00342378
    0.013633  -0.00247315
 -0.00499366  0.000568427
   0.0145554   -0.0028749
  0.00753052 -0.000591468
  0.00298629 -0.000997978
  0.00578131  -0.00146753
    0.336798   -0.0310864
    0.495822   -0.0594688
    0.550632   -0.0878167
    0.153869   -0.0252776
   0.0141117  -0.00163922
   -0.100471    0.0164451
   -0.200439    0.0297533
   -0.201036    0.0276479
   -0.197452    0.0249152
   -0.143246    0.0166448
   -0.140811    0.0151922
   -0.142671    0.0142496
    -0.14391    0.0126285
   -0.181722    0.0136824
   -0.203853    0.0192216
   0.0102166  -0.00137736
   0.0624061  -0.00884882
  -0.0170862   0.00303895
 0.000625822   0.00071905
  0.00507964  -0.00103434
 -0.00326324  0.000548164
 -0.00646945   0.00107293
 -0.00485566   0.00080668
 -0.00147497  0.000172428
 -0.00922768   0.00122269
 -0.00281555  0.000706655
  0.00518932 -0.000696665
  -0.0120493   0.00195265
  0.00407145  -0.00279296
  -0.0510821   0.00621197
 -0.00112562  -0.00169323
  -0.0280276   0.00223467
  -0.0145176   0.00071177
 -0.00468541 -0.000320136
 -0.00640197  0.000916927
   0.0166507  -0.00297923
-0.000727694  0.000938568
 -0.00763458   0.00260362
   0.0196298  -0.00346079
   0.0117097   -0.0017999
    0.010607  -0.00108802
   0.0200142  -0.00144203
   0.0300672  -0.00358621
   0.0269184   -0.0019237
   0.0294856  -0.00215566
    0.006422 -0.000940548
 -0.00121526  0.000983238
  0.00164849  -0.00037403
-0.000434509 -7.69411e-05
 -0.00125566  0.000271872
 0.000929259 -0.000191387
  0.00871738  -0.00370722
  -0.0095319   0.00133955
  -0.0367974   0.00768037
  0.00724786  -0.00158272
  0.00095771 -0.000425783
  -0.0002765  0.000183416
  -0.0105122   0.00215024
  -0.0040783   0.00112907
 -0.00148789  0.000446516
  0.00377258 -0.000781543
 0.000634465 -3.63411e-05
 -0.00266588  0.000453191
 0.000294684 -0.000311769
  -0.0026052  0.000370102
  0.00151436 -0.000165408
  0.00296879 -0.000527941
  0.00213421 -7.95401e-05
  0.00170882 -0.000175226
  0.00135108 -0.000170345
-0.000253918 -0.000371042
  0.00148102  0.000199443
  0.00407232  -0.00103843
 -0.00137064  0.000595514
  0.00115643 -0.000418283
  0.00342246 -0.000486007
 -0.00238941  0.000249648
 -0.00102093 -9.11251e-05
 -0.00348469  0.000342461
  0.00181209 -0.000319447
 0.000320771  0.000385269
 -0.00351636  0.000265546
-0.000105712 -0.000302184
 0.000655459  8.88787e-06
 -0.00252594  0.000364316
 -0.00139841  0.000422445
 -0.00136422  6.02661e-05
  -0.0141788   0.00431811
    0.023718  -0.00470741
 -0.00130105  0.000549617
   0.0166319  -0.00292785
  0.00105616  8.20602e-05
-0.000852143  0.000277017
  0.00161131  -0.00032113
  0.00172624 -0.000272898
 0.000348611  -0.00047727
  0.00698669  -0.00148288
 -0.00232818  0.000835626
  0.00292816 -0.000228646
  0.00296658 -0.000488631
  0.00113584 -0.000106201
 -0.00421539  -0.00120147
  -0.0177298   0.00357787
  0.00180642 -0.000507939
 4.83179e-05 -7.44785e-05
-0.000645461 -0.000216994
 -0.00499786  0.000794523
 -0.00547113   0.00071565
  0.00188959 -9.44992e-05
 -0.00538635   0.00106669
 0.000522573 -7.78833e-05
 -0.00115348  0.000545178
 -0.00133762  8.50654e-05
  -0.0028549  0.000340822
  0.00361696 -9.82927e-06
-0.000395244 -0.000288573
 0.000479881  2.62045e-05
 0.000151826  0.000323471
  0.00653844 -0.000705254
 -0.00181523  9.86988e-05
-0.000253057   0.00030923
  0.00552618 -0.000931142
  0.00109479 -9.04028e-05
 0.000434621 -7.23087e-05
  0.00343873 -0.000522318
 -0.00052927  5.44053e-05
 -0.00315882 -0.000205703
  -0.0077922   0.00130294
 6.26586e-05 -0.000319013
 -0.00178739  0.000396342
  0.00202406 -0.000824662
 -0.00651288   0.00122064
  0.00060425 -0.000255583
 0.000327302 -0.000195995
 -0.00357296  0.000646624
  0.00606284 -0.000478167
  0.00856949 -0.000790126
  -0.0248904   0.00466076
  0.00476484  -0.00211035
 -0.00316191 -0.000446662
 0.000164531 -7.07521e-05
  0.00646406  -0.00149473
  0.00689517  -0.00085162
   0.0115961  -0.00128313
   0.0133254  -0.00173311
   0.0104966 -0.000663023
-5.29692e-05  3.63888e-06
  0.00176329 -0.000273161
  -0.0023789  0.000440737
 -0.00143585  0.000394595
 0.000181118   7.3799e-05
 -0.00590308  -0.00167982
 -0.00363345  0.000798036
  -0.0145718   0.00361174
-0.000655052 -7.04365e-05
  0.00218639 -0.000527223
 -0.00537493  0.000883708
 -0.00485239   0.00121081
  0.00155616 -0.000264762
   -0.002554  0.000261434
  -0.0120225    0.0023481
  0.00384915 -0.000590883
  0.00123956 -0.000259781
  0.00212424 -0.000192878
  0.00230246 -0.000223737
  0.00163687 -0.000367209
 -0.00288386   0.00128513
  0.00517618  -0.00137299
  0.00238262 -0.000370561
  0.00384317 -0.000322684
  0.00147274  -0.00041912
 0.000460566 -0.000274494
 -0.00109146  0.000333564
  0.00265733 -0.000626269
  0.00096229 -0.000313905
 -0.00711654  0.000887164
 0.000642901  0.000211938
 0.000321174 -7.57974e-05
  0.00199999 -0.000321239
-0.000804844  0.000198116
 -0.00163437  0.000555118
 -0.00543551  -5.5019e-05
 -0.00660934  0.000919619
  0.00137515  -0.00035509
-7.85085e-05  0.000318127
  0.00480368  -0.00015771
  0.00234542  -0.00046337
   -0.022686   0.00497601
   0.0219609  -0.00444705
   0.0120013  -0.00215836
  0.00752652 -0.000940887
  0.00269284 -0.000657052
 -0.00222994 -3.44242e-05
  -0.0001762  0.000338048
  0.00127699   -0.0002778
 -0.00179812  9.74127e-05
-0.000872844  0.000150899
  0.00432927 -0.000594037
  0.00612998 -0.000666325
  0.00156321 -0.000277549
  0.00143049 -0.000141143
  0.00905384  -0.00540817
  -0.0213811   0.00446441
  -0.0123149   0.00244947
 -0.00226878  0.000273402
 -0.00246054  0.000894887
 0.000135118 -0.000353838
 -0.00402795   0.00104143
 -0.00104549  0.000342954
 -0.00785701  0.000526623
  -0.0055528  0.000515371
  -0.0004011   0.00112992
   0.0133496  -0.00221007
 -0.00514147  0.000652162
   0.0040534 -0.000765092
 -0.00245225  0.000407532
-0.000772593 -1.45735e-05
  0.00348702 -0.000320979
  0.00260984 -0.000267047
 -0.00226468 -4.29265e-05
  0.00507846 -0.000375713
 -0.00304038  0.000239383
 0.000983192 -3.91161e-05
   0.0012437 -0.000210202
 -0.00136838  0.000921116
    0.006452 -0.000800649
-0.000353696 -0.000682887
 -0.00486706    0.0006743
 -0.00448893   0.00126435
-0.000159753 -0.000581594
   0.0047471 -0.000679466
  0.00110354  0.000522423
 0.000543367  0.000376064
 -0.00102224  9.80467e-05
 -0.00251686  0.000671257
    0.005289  -0.00105585
-0.000599533 -7.61869e-05
  -0.0296055   0.00657272
   0.0280461    -0.005159
   0.0295264   -0.0052957
  -0.0121009   0.00150383
  -0.0197179   0.00229843
   0.0116758  -0.00165454
    0.016346   -0.0022819
 -0.00412998  0.000966863
 -0.00468159  0.000643105
 -0.00190916  4.46994e-05
-0.000824585  0.000110041
 0.000368638 -6.98857e-05
  0.00134965 -2.19526e-05
  0.00303249 -0.000301309
   0.0122426  -0.00457249
  -0.0273273   0.00457333
-0.000378408  0.000383259
 -0.00654916  0.000133387
 -0.00913862  0.000984109
 -0.00659413  0.000858717
 -0.00544195  0.000976289
-0.000352088  -6.7039e-05
  -0.0154561   0.00194771
  0.00010695   0.00102552
   0.0263068  -0.00406678
 -0.00562729  0.000193759
 -0.00558884   0.00155713
  0.00368621 -0.000770936
  0.00968746 -0.000745185
 -0.00626757  0.000275584
 -0.00101836   0.00147013
 -0.00519577  0.000443146
   0.0037085  -0.00291647
  -0.0306716   0.00509693
  -0.0077634 -0.000109501
   0.0166162  -0.00191315
  0.00765483  -0.00195673
  -0.0256872    0.0039604
   0.0201835  -0.00363012
  -0.0132179   0.00221673
  -0.0286964   0.00252268
  0.00139885 -0.000153462
  0.00270807  -0.00142786
-0.000866987 -0.000298793
  -0.0111157  0.000986136
  -0.0136178   0.00129901
  -0.0312886   0.00389293
   0.0376196  -0.00508018
  0.00306755 -0.000779893
    -0.01816   0.00311811
  -0.0317588   0.00541055
  0.00499037  -0.00242151
 0.000187022  -0.00172834
 -0.00537023 -0.000176615
  0.00702332  -0.00140122
  0.00182598  -0.00051989
 -0.00701272  0.000255726
  -0.0261894     0.003095
   0.0192835  -0.00344486
  -0.0283469   0.00353446
   0.0203741  -0.00497678
  -0.0309527   0.00470282
  -0.0340949   0.00318393
  -0.0145926  0.000475014
  0.00490185  -0.00131401
   0.0195986  -0.00509007
  -0.0142508   0.00297234
  0.00591095  0.000715391
  0.00882012 -0.000421877
 0.000701843 -0.000153431
 -0.00360804  0.000453223
 0.000123965 -0.000446633
 0.000732342 -0.000295374
 -0.00214705 -0.000304077
 -0.00625014 -1.09522e-05
  -0.0117706 -0.000797422
  -0.0354267   0.00338718
  -0.0551319   0.00656157
  0.00728489  0.000468634
   0.0444005  -0.00487885
     0.01352  -0.00128787
  -0.0125606   0.00160036
 0.000970155  0.000373344
   0.0141274  -0.00144974
  0.00985677 -0.000630882
  0.00969625 -0.000330983
   0.0107644 -0.000649914
  0.00983223 -0.000519405
  0.00898427 -0.000470388
  0.00948503 -0.000532822
  0.00909574 -0.000541417
   0.0085748 -0.000375335
  0.00831439 -0.000406581
  0.00975596 -0.000520972
  0.00993466 -0.000552302
   0.0102567 -0.000596064
   0.0100608 -0.000572511
   0.0100096 -0.000566549
   0.0100872 -0.000579475
   0.0102205 -0.000592193
  -0.0154827    0.0042384
   0.0136926   -0.0025171
-0.000447863  -0.00125819
  0.00800624  -0.00186518
  0.00412959 -0.000241615
  0.00584134 -0.000936119
 -0.00141351  0.000183732
 -0.00587795  0.000482227
 -0.00744239  0.000656051
 -0.00831623  0.000747325
  -0.0101559  0.000728762
  0.00236535  -0.00096611
  -0.0114486    0.0012555
 -0.00599754 -4.69481e-05
  -0.0129444  0.000536865
   0.0069788  -0.00199676
  0.00185368  0.000346143
 0.000368933    0.0010501
  0.00386348   0.00142019
   0.0177948  -0.00234438
 -0.00212263   0.00146472
  0.00809267  -9.0722e-05
   0.0167022 -0.000956834
    0.014051 -0.000733679
   0.0103336  -0.00038053
   0.0203101  -0.00164952
   0.0146211  -0.00136002
   0.0280146  -0.00302677
  -0.0138106   0.00169891
 -0.00379188  0.000801528
  -0.0111938  0.000895005
  0.00446174  0.000442233
  0.00803083 -0.000797056
   0.0151126  -0.00178118
 -0.00205279  0.000761423
-0.000553368  1.58989e-05
 -0.00213853  0.000183913
 -0.00210965  0.000219204
 -0.00128106  0.000218994
  -0.0076788 -7.50781e-05
 0.000787775  0.000145401
   0.0020327 -2.40894e-05
  0.00209201 -0.000215632
 0.000608414 -0.000146659
 3.40298e-05  1.65103e-05
 4.93721e-05  0.000390282
    0.009351 -0.000812935
  0.00210308 -0.000131787
  0.00113739 -5.29215e-05
 0.000532245 -0.000108392
  -0.0319535   0.00497315
  0.00145182 -0.000914127
   0.0137179  -0.00208698
   0.0235912  -0.00415605
   0.0160756  -0.00198785
 -0.00253422  0.000495678
  -0.0078426   0.00130434
 -0.00299547  0.000200544
 -0.00465906  0.000634748
  0.00646977 -0.000889323
  0.00167666  0.000127271
  0.00173093 -0.000753701
  0.00494566 -0.000714817
  0.00474635 -0.000447885
 0.000405107  -0.00209878
  -0.0146278   0.00256192
 -0.00357037  0.000663835
  -0.0025182  0.000746838
  -0.0020708  0.000205123
 -0.00478971     0.001119
-0.000325157 -0.000165897
 -0.00375197  0.000871302
   0.0156046   -0.0022866
  0.00710856  -0.00044696
  0.00521774 -0.000512515
  0.00274641 -0.000426308
 0.000604554   -1.693e-06
 0.000467852  1.50735e-05
 0.000666806 -4.53292e-05
 0.000962048 -9.35738e-05
 0.000788247  8.18035e-06
  0.00118525 -9.01668e-05
  0.00258783  -0.00041863
  0.00195764 -0.000327082
 0.000242998  -4.2881e-05
-0.000903494  0.000209891
-0.000505365  0.000150771
  0.00122601 -0.000284497
 7.47044e-05  -5.1975e-05
 -0.00142473  0.000290479
-0.000257248  0.000120676
 0.000827497 -0.000172823
-0.000239553  2.01335e-05
-0.000573967  0.000168568
 0.000664949 -0.000112962
  0.00108012 -0.000259525
-0.000556339  0.000109301
 -0.00127939  0.000213035
 0.000383238  -2.4331e-05
-0.000750518  0.000158122
  -0.0298729   0.00655597
   0.0109101  -0.00305794
   0.0138718  -0.00288514
   0.0144923  -0.00298985
 -0.00587145    0.0008768
  -0.0127616   0.00223834
 -0.00416319   0.00085629
 -0.00448064  0.000531559
  0.00323923 -0.000827435
  -0.0015551  2.03127e-05
-0.000467595  4.26988e-05
   0.0032561 -0.000390263
   0.0050651 -0.000669545
   0.0135441  -0.00163673
   0.0161988  -0.00415707
 -0.00505966    0.0010616
   0.0102268  -0.00198189
  0.00214504  0.000567505
  0.00909024 -0.000360153
   0.0078073  -0.00104013
   0.0100038 -0.000685569
  0.00559428 -0.000147361
  0.00942698 -0.000763769
  0.00813632  -0.00048081
   0.0103903  -0.00122512
  0.00215394  0.000399058
  0.00843041  -0.00106321
-0.000791543   0.00058797
  0.00523808 -0.000769882
 0.000274968  0.000195047
  0.00729563 -0.000830244
  0.00694434 -0.000791824
  0.00184316     0.000852
   0.0112397  -0.00152883
 -0.00161432  0.000221312
  0.00429687 -0.000321259
  0.00183707  8.16397e-05
  0.00538824 -4.42299e-06
  0.00761922   -0.0013345
-0.000447287  0.000561942
   0.0061702 -0.000781179
  0.00449531 -0.000685173
 -0.00241119  0.000721793
-0.000373664  0.000231883
  0.00191012   -0.0004726
 -0.00141695  0.000730139
  0.00656027 -0.000879172
-3.66457e-05 -0.000445477
 -0.00105343  0.000521939
  0.00145986  0.000164415
  -0.0735363   0.00562076
    -0.12849    0.0116277
  -0.0162661   0.00269673
   0.0506653  -0.00649924
  0.00552769  -0.00102335
 -0.00285845   0.00076504
  0.00231504  -0.00054084
 0.000321444 -0.000113857
 -0.00153121  0.000308997
 0.000424004 -0.000100228
-0.000393557  0.000369928
 0.000765207  0.000121971
  0.00276548 -0.000879509
  0.00150201 -0.000641167
  0.00590608  -0.00114843
   0.0125037 -0.000704923
     0.01672  -0.00192113
   0.0120939 -0.000867334
  0.00690909 -0.000581054
  0.00608909 -0.000342368
  0.00742225 -0.000455729
   0.0114827 -0.000773782
  0.00809401 -0.000319863
  0.00781852  -0.00100659
    0.008213 -0.000507782
  0.00872935 -0.000652814
  0.00784121 -0.000604381
  0.00784202 -0.000681535
  0.00742106 -0.000255034
   0.0155202  -0.00118754
    0.011874  -0.00125618
  0.00444646 -0.000197225
  0.00612678 -0.000220427
  0.00235554  -0.00045654
 -0.00202678  0.000219873
  0.00180401 -0.000194804
-0.000419865  0.000337468
  0.00201977 -0.000238515
  0.00469236 -0.000213593
  0.00365274 -0.000179738
  0.00309085 -0.000193257
  0.00677337 -0.000546044
  0.00504534 -0.000664478
 -0.00127412  0.000563427
  0.00387437 -0.000747956
  0.00480985 -0.000182221
  0.00469108 -0.000470374
 0.000641844 -0.000137273
  0.00259276 -9.74993e-05
  0.00113459 -0.000285067
   -0.077354   0.00626492
   -0.111855   0.00784936
  -0.0915063   0.00785941
  0.00570474   0.00211799
   0.0522103  -0.00569092
-0.000259247 -0.000763935
 1.87112e-05  0.000141178
  0.00208101 -0.000522878
 -0.00140261  0.000363869
 -0.00132637  0.000364166
   0.0012005  -0.00020572
  0.00402118  -0.00032821
 8.58269e-05 -0.000204579
  0.00226114 -0.000318466
   0.0188768 -0.000708798
   0.0401894  -0.00266026
   0.0449099  -0.00349899
   0.0358573  -0.00297975
   0.0255278  -0.00197168
   0.0236401  -0.00182775
   0.0226081  -0.00192346
   0.0230451  -0.00174385
   0.0230472  -0.00197887
   0.0234011  -0.00220749
   0.0255405  -0.00209131
   0.0249276  -0.00227042
   0.0208643  -0.00187655
   0.0199374  -0.00155639
   0.0196638  -0.00182821
   0.0190755   -0.0019467
   0.0196319  -0.00175196
   0.0193724  -0.00212315
   0.0162434    -0.001724
   0.0167681  -0.00164539
   0.0153914  -0.00148767
   0.0127226  -0.00140232
   0.0125941  -0.00125664
   0.0131733  -0.00158278
   0.0124182  -0.00105231
   0.0126812  -0.00124605
   0.0135062  -0.00138374
    0.013637  -0.00142648
   0.0129188  -0.00136073
   0.0123935  -0.00130671
   0.0121669  -0.00129927
   0.0127834  -0.00158583
   0.0100407 -0.000945077
   0.0103388  -0.00114106
   0.0111538   -0.0012133
   0.0111992  -0.00119071
  -0.0861315    0.0074923
   -0.140981     0.012333
  -0.0899902    0.0102393
  -0.0858002   0.00609547
   -0.038394   0.00449205
   0.0076628 -0.000198158
   0.0214931   -0.0019483
   0.0107117  -0.00127981
  -0.0137853  0.000430487
  -0.0273109   0.00229621
  -0.0158777   0.00162088
  -0.0145987   0.00120262
  -0.0238898   0.00155011
  -0.0304493   0.00170625
  0.00559941   0.00185939
    0.029046  -0.00217772
   0.0300917  -0.00269183
    0.026756  -0.00239408
   0.0216748  -0.00185973
   0.0192356   -0.0017378
   0.0203141  -0.00181883
   0.0201945  -0.00188514
   0.0201668   -0.0016252
   0.0194673  -0.00192392
   0.0161589  -0.00159977
   0.0139302  -0.00134232
   0.0166834  -0.00134716
   0.0194414   -0.0020081
    0.023575  -0.00177198
   0.0230593  -0.00220095
   0.0216268  -0.00209035
   0.0226832  -0.00227709
   0.0231316  -0.00231233
   0.0244165  -0.00250677
   0.0246464  -0.00273571
   0.0220944  -0.00224954
   0.0228771  -0.00238511
   0.0244465  -0.00263196
   0.0265505  -0.00296481
   0.0278504  -0.00309626
   0.0275702  -0.00318285
   0.0253574    -0.003079
   0.0218137  -0.00263358
   0.0191952  -0.00248489
   0.0168002  -0.00205303
   0.0136172   -0.0018777
   0.0109856  -0.00131856
    0.011228  -0.00146981
   0.0107186  -0.00131962
   0.0105541  -0.00123085
    -0.07476   0.00787751
   -0.138527    0.0132019
  -0.0416663   0.00663017
  -0.0308008   0.00298538
  -0.0254753   0.00309351
  -0.0116931   0.00111718
 -0.00736131   0.00116073
 -0.00647293  0.000506725
   -0.016336   0.00134559
  -0.0130408   0.00125065
   -0.012257   0.00146345
   -0.012004  0.000853362
   -0.027734   0.00308854
   -0.139412    0.0109132
   -0.149723    0.0116378
  -0.0676083   0.00953217
   0.0452241  -0.00510274
   0.0111637  6.04391e-05
  0.00430678 -0.000160215
  0.00306528 -0.000446212
 -0.00638121  0.000405256
  -0.0124041   0.00168371
 -0.00378526  0.000458969
 -0.00369039  0.000501273
 -0.00787439  0.000602117
 -0.00628912  0.000326062
 -0.00355077  0.000161822
  -0.0021004  0.000103866
   -0.001248  4.92734e-05
-0.000701403  1.08767e-05
-0.000310631 -1.35952e-05
-5.46068e-05 -2.95552e-05
 9.37244e-05 -3.90995e-05
 0.000192347 -3.54419e-05
 0.000322999 -3.61317e-05
 0.000400714 -3.27503e-05
 0.000583109 -5.99542e-05
 0.000324311 -1.00026e-05
 0.000324473 -2.31505e-05
-0.000245722  7.69508e-06
-0.000283217 -8.17387e-06
 -0.00224597  8.46815e-05
 -0.00419032  0.000439479
 -0.00524595  0.000400512
 -0.00626286  0.000537526
 -0.00674195  0.000505365
  -0.0068469  0.000482165
  -0.0065209  0.000481224
 -0.00623644  0.000433123
 -0.00643188  0.000486243
  -0.0507371 -0.000153344
   -0.075396    0.0120126
   0.0489872  -0.00841163
  0.00473047  -0.00152915
 -0.00168843  0.000737196
  0.00156689 -0.000567751
 -0.00219861  0.000701137
 -0.00163011  0.000386128
  0.00172159 -0.000443247
  0.00246467 -0.000697447
 -0.00459012   0.00141872
  0.00248981  -0.00107001
 -0.00477841    0.0015322
  0.00486574  -0.00133547
    0.011565   0.00073116
   0.0612044   -0.0040441
  0.00636572 -0.000472159
  -0.0155029  0.000858905
 -0.00963257   0.00105147
  -0.0111506   0.00119675
 -0.00749643  0.000405675
 -0.00406864  0.000263082
  -0.0034153  0.000281489
 -0.00604053  0.000536499
 -0.00962353  0.000831932
  -0.0107894  0.000786007
 -0.00897266  0.000537059
 -0.00547329  0.000225643
 -0.00284109  0.000103508
 -0.00197733 -2.49101e-05
  0.00163601 -0.000180726
 0.000108448  0.000266265
 -0.00208792   0.00062168
  0.00152794  -0.00011709
  0.00264076  -0.00045379
  0.00198461 -0.000493636
  0.00204819 -0.000515129
 0.000499431 -0.000118563
 -0.00156717  0.000279648
 -0.00290636  0.000588132
 -0.00210328  0.000405603
-0.000917416  0.000208602
 0.000954002 -6.87035e-05
  0.00368124 -0.000825068
  0.00163919 -0.000498293
 -0.00189387  0.000333673
 -0.00499054  0.000699164
  0.00113454 -6.22237e-05
 -0.00154323  0.000357907
 0.000221839   2.9903e-05
  0.00611824    -0.001333
  -0.0447012   0.00881665
    0.048401  -0.00977457
   0.0106587  -0.00227582
 -0.00150488  0.000203495
  -0.0040373   0.00112374
-0.000794871  0.000182224
 -0.00018774  1.66802e-05
  0.00171175 -0.000464879
 0.000901082 -0.000137198
  0.00226569 -0.000711649
 0.000729229 -5.04924e-05
   0.0036913  -0.00113757
 -0.00717186   0.00169281
   0.0118866  0.000274784
     0.07993  -0.00564019
   0.0499086  -0.00236383
   -0.100982   0.00618561
   -0.075744   0.00500167
 -0.00146352   0.00076852
   0.0505434  -0.00456843
   0.0245106  -0.00121577
  0.00117569 -0.000142242
 -0.00318559  3.98164e-05
  -0.0098946  0.000791578
  -0.0194485   0.00146738
  -0.0243867   0.00268698
  0.00208485 -7.62645e-05
-0.000419305  6.03825e-05
-0.000202241  -0.00122517
  -0.0023056  0.000336395
  0.00102495 -0.000125852
-0.000213701  0.000438099
  0.00199587 -6.83242e-05
  0.00149611 -9.63152e-05
  0.00132192 -0.000170777
  0.00172637  -0.00037475
   0.0012102 -0.000493278
-6.91331e-05 -3.46327e-05
-0.000189326  0.000114165
 -0.00100818  0.000297558
 -0.00110221  0.000318896
-0.000384583  0.000133077
 0.000744307 -0.000159532
  0.00127304 -0.000349438
  0.00142056  -0.00050586
 -0.00025737  6.36771e-06
-0.000290411  0.000107966
 -0.00203178   0.00055485
 -0.00106977  0.000376617
-0.000663951 -7.21509e-06
    0.036946  -0.00143238
  -0.0470072   0.00185514
   0.0319069   -0.0050041
  -0.0140304   0.00234887
 0.000282438  0.000377978
  0.00448577  -0.00117737
  0.00230809 -0.000693832
 -0.00318955  0.000628513
 -0.00396563 -0.000471814
 -0.00242762  0.000595614
  0.00628625 -0.000753858
   0.0203167  -0.00316867
  -0.0187808   0.00264614
   0.0108776  -0.00256956
   0.0149797   0.00278259
    0.101366   -0.0079769
   0.0867101  -0.00578097
  -0.0566936   0.00424108
    -0.13379   0.00913324
  -0.0885611   0.00572966
  -0.0010797 -8.36994e-05
   0.0734008  -0.00485471
   0.0768795  -0.00568048
  -0.0193621   0.00146907
  -0.0658586   0.00456929
  -0.0454571   0.00446391
   0.0284546  -0.00340997
   0.0183879  -0.00124706
  -0.0172298 -0.000205054
 -0.00572308   0.00133701
  -0.0022901   0.00110276
 -0.00209563  0.000905668
  0.00325362 -0.000476383
   0.0049733 -0.000955796
  0.00533762  -0.00129539
  0.00135258  -0.00020103
 -0.00130365  0.000518088
 -0.00621452  0.000762265
-3.61695e-05  0.000356684
-0.000489899   0.00025809
  0.00200252 -0.000208988
   0.0045423  -0.00104619
  0.00388971 -0.000775907
  0.00123473  6.16442e-05
 -0.00115946  0.000326733
 -0.00790298  0.000860876
 -0.00388629  0.000939502
  0.00135188 -0.000138428
  0.00263103  -0.00045418
   0.0138962  -0.00286806
   0.0280835  -0.00290511
  -0.0523598   0.00511617
   0.0545716  -0.00587051
  -0.0184126   0.00151339
  -0.0298119   0.00483383
   0.0252469  -0.00460969
  -0.0086303   0.00194644
  0.00375216 -0.000785498
 -0.00186315  0.000548146
 -0.00131371  0.000425853
   0.0107929  -0.00263175
  -0.0130045   0.00166091
  0.00932547   -0.0013316
   0.0244258  7.66961e-05
    0.100891  -0.00785142
    0.065473  -0.00392501
  -0.0940467     0.006798
   -0.155304    0.0100465
  -0.0533614   0.00486488
   0.0485385  -0.00484969
    0.120924  -0.00899297
    0.103093  -0.00767722
  0.00575474 -0.000271972
   -0.123502   0.00828375
   -0.152022    0.0122526
  -0.0166613   0.00034317
   0.0598294  -0.00590234
    0.123005  -0.00891697
    0.113671  -0.00883844
   0.0471966  -0.00380717
  -0.0682084   0.00544627
   -0.124648   0.00849744
  -0.0377902   0.00373809
   0.0397033  -0.00379388
   0.0330973  -0.00284603
 -0.00919582  0.000966534
  -0.0065713   0.00047543
  -0.0164302   0.00168977
  -0.0187611   0.00143722
  -0.0167124   0.00100083
 -0.00945027  0.000252243
-0.000162597 -0.000427516
   0.0011414  -0.00012846
 -0.00507838  0.000708343
-0.000571168  0.000198064
 -0.00138804  0.000536366
 -0.00079839   0.00041765
  0.00395202 -0.000697771
  0.00490527  -0.00121585
   0.0238107  -0.00396045
   -0.041669   0.00717306
   0.0246377  -0.00434895
    0.012751  -0.00330686
 -0.00501364   0.00112496
 -0.00622225   0.00171403
  0.00386436  -0.00111979
  0.00184607 -0.000275799
-0.000753304  4.08288e-05
  0.00197658 -0.000434955
-0.000257185  4.59267e-05
  0.00350544  -0.00134021
  0.00173348 -0.000694288
  -0.0115359   0.00231627
   0.0287663 -0.000538807
    0.129277   -0.0102056
    0.105469  -0.00721746
  -0.0513536   0.00390524
   -0.155801    0.0104106
   -0.127116   0.00852848
  -0.0258377   0.00217196
   0.0565323  -0.00423237
   0.0984739  -0.00764929
   0.0225408 -0.000803893
  -0.0782069   0.00515574
  -0.0669539   0.00674748
   0.0228124  -0.00347036
   0.0638128  -0.00563944
   0.0706768  -0.00480249
   0.0597972  -0.00459445
  0.00509519 -0.000186533
  -0.0981552   0.00672426
   -0.145298     0.012048
  -0.0232108   0.00136937
   0.0414824  -0.00557149
   0.0808123  -0.00531199
   0.0843194  -0.00662246
   0.0348507  -0.00324331
  -0.0259914   0.00304158
  -0.0309479   0.00396435
 -0.00185974 -0.000759409
 -0.00848776  0.000160565
  -0.0048585 -1.22568e-05
  0.00241849 -0.000661889
  0.00143959  6.74405e-05
  -0.0038446  0.000744591
    -0.01151   0.00114921
  -0.0146638   0.00115253
  -0.0146058  0.000904203
  -0.0111214  0.000479539
 -0.00644161  -0.00101759
  -0.0109813   0.00167035
  0.00558375 -0.000855736
   0.0131425  -0.00350998
    0.007271  0.000372336
   -0.014108    0.0013081
 -0.00623013   0.00191046
  0.00694584  -0.00209407
 0.000429867 -9.72071e-05
  0.00130088 -0.000223152