    0.311682    0.0314997
    0.304289    0.0625026
    0.292098    0.0925198
      0.2753     0.121078
     0.25416     0.147727
    0.229012     0.172045
    0.200253     0.193651
    0.168335     0.212203
    0.133762     0.227408
   0.0970805     0.239027
   0.0588676     0.246876
   0.0197262     0.250831
  -0.0197262     0.250831
  -0.0588676     0.246876
  -0.0970806     0.239027
   -0.133762     0.227408
   -0.168335     0.212203
   -0.200253     0.193651
   -0.229012     0.172045
    -0.25416     0.147727
     -0.2753     0.121078
   -0.292098    0.0925198
   -0.304289    0.0625026
   -0.311682    0.0314997
   -0.314159  1.53894e-17
   -0.311682   -0.0314996
   -0.304289   -0.0625026
   -0.292098   -0.0925198
     -0.2753    -0.121078
    -0.25416    -0.147727
   -0.229012    -0.172045
   -0.200253    -0.193651
   -0.168335    -0.212203
   -0.133762    -0.227408
  -0.0970806    -0.239027
  -0.0588675    -0.246876
  -0.0197262    -0.250831
   0.0197262    -0.250831
   0.0588675    -0.246876
   0.0970806    -0.239027
    0.133762    -0.227408
    0.168335    -0.212203
    0.200253    -0.193651
    0.229012    -0.172045
     0.25416    -0.147727
      0.2753    -0.121078
    0.292098   -0.0925198
    0.304289   -0.0625026
    0.311682   -0.0314996
    0.314159 -4.61681e-17
    0.311682    0.0314996
    0.304289    0.0625025
    0.292098    0.0925197
      0.2753     0.121078
     0.25416     0.147727
    0.229012     0.172045
    0.200253     0.193651
    0.168335     0.212203
    0.133763     0.227408
   0.0970805     0.239027
   0.0588675     0.246876
   0.0197262     0.250831
  -0.0197262     0.250831
  -0.0588675     0.246876
  -0.0970805     0.239027
   -0.133763     0.227408
   -0.168335     0.212203
   -0.200253     0.193651
   -0.229012     0.172045
    -0.25416     0.147727
     -0.2753     0.121078
   -0.292098    0.0925197
   -0.304289    0.0625025
   -0.311682    0.0314996
   -0.314159  7.69468e-17
   -0.311682   -0.0314996
   -0.304289   -0.0625025
   -0.292098   -0.0925197
     -0.2753    -0.121078
    -0.25416    -0.147727
   -0.229012    -0.172045
   -0.200253    -0.193651
   -0.168335    -0.212203
   -0.133763    -0.227408
  -0.0970805    -0.239027
  -0.0588675    -0.246876
  -0.0197262    -0.250831
   0.0197262    -0.250831
   0.0588675    -0.246876
   0.0970805    -0.239027
    0.133763    -0.227408
    0.168335    -0.212203
    0.200253    -0.193651
    0.229012    -0.172045
     0.25416    -0.147727
      0.2753    -0.121078
    0.292098   -0.0925197
    0.304289   -0.0625025
    0.311682   -0.0314996
    0.314159 -1.07726e-16
    0.311682    0.0314996
    0.304289    0.0625025
    0.292098    0.0925197
      0.2753     0.121078
     0.25416     0.147726
    0.229012     0.172045
    0.200252     0.193651
    0.168335     0.212203
    0.133762     0.227408
   0.0970805     0.239027
   0.0588675     0.246876
   0.0197262     0.250831
  -0.0197262     0.250831
  -0.0588675     0.246876
  -0.0970805     0.239027
   -0.133762     0.227408
   -0.168335     0.212203
   -0.200252     0.193651
   -0.229012     0.172045
    -0.25416     0.147726
     -0.2753     0.121078
   -0.292098    0.0925197
   -0.304289    0.0625025
   -0.311682    0.0314996
   -0.314159  1.38504e-16
   -0.311682   -0.0314996
   -0.304289   -0.0625025
   -0.292098   -0.0925197
     -0.2753    -0.121078
    -0.25416    -0.147726
   -0.229012    -0.172045
   -0.200252    -0.193651
   -0.168335    -0.212203
   -0.133762    -0.227408
  -0.0970805    -0.239027
  -0.0588675    -0.246876
  -0.0197262    -0.250831
   0.0197262    -0.250831
   0.0588675    -0.246876
   0.0970805    -0.239027
    0.133762    -0.227408
    0.168335    -0.212203
    0.200252    -0.193651
    0.229012    -0.172045
     0.25416    -0.147726
      0.2753    -0.121078
    0.292098   -0.0925197
    0.304289   -0.0625025
    0.311682   -0.0314996
    0.314159  -6.1573e-16
    0.311682    0.0314996
    0.304289    0.0625025
    0.292098    0.0925197
      0.2753     0.121078
     0.25416     0.147726
    0.229012     0.172045
    0.200252     0.193651
    0.168335     0.212203
    0.133762     0.227408
   0.0970805     0.239027
   0.0588675     0.246876
   0.0197262     0.250831
  -0.0197262     0.250831
  -0.0588675     0.246876
  -0.0970805     0.239027
   -0.133762     0.227408
   -0.168335     0.212203
   -0.200252     0.193651
   -0.229012     0.172045
    -0.25416     0.147726
     -0.2753     0.121078
   -0.292098    0.0925197
   -0.304289    0.0625025
   -0.311682    0.0314996
   -0.314159 -2.46385e-16
   -0.311682   -0.0314996
   -0.304289   -0.0625025
   -0.292098   -0.0925197
     -0.2753    -0.121078
    -0.25416    -0.147726
   -0.229012    -0.172045
   -0.200252    -0.193651
   -0.168335    -0.212203
   -0.133762    -0.227408
  -0.0970805    -0.239027
  -0.0588675    -0.246876
  -0.0197262    -0.250831
   0.0197262    -0.250831
   0.0588675    -0.246876
   0.0970805    -0.239027
    0.133762    -0.227408
    0.168335    -0.212203
    0.200252    -0.193651
    0.229012    -0.172045
     0.25416    -0.147726
      0.2753    -0.121078
    0.292098   -0.0925197
    0.304289   -0.0625025
    0.311682   -0.0314996
    0.314159 -6.77288e-16
    0.311682    0.0314996
    0.304289    0.0625025
    0.292098    0.0925197
      0.2753     0.121078
     0.25416     0.147726
    0.229012     0.172045
    0.200253     0.193651
    0.168335     0.212203
    0.133763     0.227408
   0.0970809     0.239026
    0.058868     0.246876
   0.0197267     0.250831
  -0.0197267     0.250831
   -0.058868     0.246876
  -0.0970809     0.239026
   -0.133763     0.227408
   -0.168335     0.212203
   -0.200253     0.193651
   -0.229012     0.172045
    -0.25416     0.147726
     -0.2753     0.121078
   -0.292098    0.0925197
   -0.304289    0.0625025
   -0.311682    0.0314996
   -0.314159 -1.84828e-16
   -0.311682   -0.0314996
   -0.304289   -0.0625025
   -0.292098   -0.0925197
     -0.2753    -0.121078
    -0.25416    -0.147726
   -0.229012    -0.172045
   -0.200253    -0.193651
   -0.168335    -0.212203
   -0.133763    -0.227408
  -0.0970809    -0.239026
   -0.058868    -0.246876
  -0.0197267    -0.250831
   0.0197267    -0.250831
    0.058868    -0.246876
   0.0970809    -0.239026
    0.133763    -0.227408
    0.168335    -0.212203
    0.200253    -0.193651
    0.229012    -0.172045
     0.25416    -0.147726
      0.2753    -0.121078
    0.292098   -0.0925197
    0.304289   -0.0625025
    0.311682   -0.0314996
    0.314159 -7.38845e-16
    0.311682    0.0314996
    0.304289    0.0625025
    0.292098    0.0925197
      0.2753     0.121078
     0.25416     0.147726
    0.229012     0.172045
    0.200253     0.193651
    0.168335     0.212203
    0.133763     0.227408
   0.0970809     0.239026
    0.058868     0.246876
   0.0197267     0.250831
  -0.0197267     0.250831
   -0.058868     0.246876
  -0.0970809     0.239026
   -0.133763     0.227408
   -0.168335     0.212203
   -0.200253     0.193651
   -0.229012     0.172045
    -0.25416     0.147726
     -0.2753     0.121078
   -0.292098    0.0925197
   -0.304289    0.0625025
   -0.311682    0.0314996
   -0.314159  1.66252e-15
   -0.311682   -0.0314996
   -0.304289   -0.0625025
   -0.292098   -0.0925197
     -0.2753    -0.121078
    -0.25416    -0.147726
   -0.229012    -0.172045
   -0.200253    -0.193651
   -0.168335    -0.212203
   -0.133763    -0.227408
  -0.0970809    -0.239026
   -0.058868    -0.246876
  -0.0197267    -0.250831
   0.0197267    -0.250831
    0.058868    -0.246876
   0.0970809    -0.239026
    0.133763    -0.227408
    0.168335    -0.212203
    0.200253    -0.193651
    0.229012    -0.172045
     0.25416    -0.147726
      0.2753    -0.121078
    0.292098   -0.0925197
    0.304289   -0.0625025
    0.311682   -0.0314996
    0.314159 -8.00403e-16
    0.311682    0.0314996
    0.304289    0.0625025
    0.292098    0.0925197
      0.2753     0.121078
     0.25416     0.147726
    0.229012     0.172045
    0.200253     0.193651
    0.168335     0.212203
    0.133763     0.227408
   0.0970809     0.239026
    0.058868     0.246876
   0.0197267     0.250831
  -0.0197267     0.250831
   -0.058868     0.246876
  -0.0970809     0.239026
   -0.133763     0.227408
   -0.168335     0.212203
   -0.200253     0.193651
   -0.229012     0.172045
    -0.25416     0.147726
     -0.2753     0.121078
   -0.292098    0.0925197
   -0.304289    0.0625025
   -0.311682    0.0314996
   -0.314159  -6.1713e-17
   -0.311682   -0.0314996
   -0.304289   -0.0625025
   -0.292098   -0.0925197
     -0.2753    -0.121078
    -0.25416    -0.147726
   -0.229012    -0.172045
   -0.200253    -0.193651
   -0.168335    -0.212203
   -0.133763    -0.227408
  -0.0970809    -0.239026
   -0.058868    -0.246876
  -0.0197267    -0.250831
   0.0197267    -0.250831
    0.058868    -0.246876
   0.0970809    -0.239026
    0.133763    -0.227408
    0.168335    -0.212203
    0.200253    -0.193651
    0.229012    -0.172045
     0.25416    -0.147726
      0.2753    -0.121078
    0.292098   -0.0925197
    0.304289   -0.0625025
    0.311682   -0.0314996
    0.314159  -8.6196e-16
    0.311682    0.0314996
    0.304289    0.0625025
    0.292098    0.0925197
      0.2753     0.121078
     0.25416     0.147726
    0.229012     0.172045
    0.200253     0.193651
    0.168335     0.212203
    0.133763     0.227408
   0.0970809     0.239026
    0.058868     0.246876
   0.0197267     0.250831
  -0.0197267     0.250831
   -0.058868     0.246876
  -0.0970809     0.239026
   -0.133763     0.227408
   -0.168335     0.212203
   -0.200253     0.193651
   -0.229012     0.172045
    -0.25416     0.147726
     -0.2753     0.121078
   -0.292098    0.0925197
   -0.304289    0.0625025
   -0.311682    0.0314996
   -0.314159  1.78563e-15
   -0.311682   -0.0314996
   -0.304289   -0.0625025
   -0.292098   -0.0925197
     -0.2753    -0.121078
    -0.25416    -0.147726
   -0.229012    -0.172045
   -0.200253    -0.193651
   -0.168335    -0.212203
   -0.133763    -0.227408
  -0.0970809    -0.239026
   -0.058868    -0.246876
  -0.0197267    -0.250831
   0.0197267    -0.250831
    0.058868    -0.246876
   0.0970809    -0.239026
    0.133763    -0.227408
    0.168335    -0.212203
    0.200253    -0.193651
    0.229012    -0.172045
     0.25416    -0.147726
      0.2753    -0.121078
    0.292098   -0.0925197
    0.304289   -0.0625025
    0.311682   -0.0314996
    0.314159 -9.23517e-16
    0.311682    0.0315004
    0.304289    0.0625025
    0.292098    0.0925204
      0.2753     0.121078
     0.25416     0.147727
    0.229012     0.172045
    0.200252     0.193651
    0.168335     0.212203
    0.133762     0.227408
   0.0970809     0.239026
   0.0588671     0.246876
   0.0197267     0.250831
  -0.0197267     0.250831
  -0.0588671     0.246876
  -0.0970809     0.239026
   -0.133762     0.227408
   -0.168335     0.212203
   -0.200252     0.193651
   -0.229012     0.172045
    -0.25416     0.147727
     -0.2753     0.121078
   -0.292098    0.0925204
   -0.304289    0.0625025
   -0.311682    0.0315004
   -0.314159  6.14019e-17
   -0.311682   -0.0315004
   -0.304289   -0.0625025
   -0.292098   -0.0925204
     -0.2753    -0.121078
    -0.25416    -0.147727
   -0.229012    -0.172045
   -0.200252    -0.193651
   -0.168335    -0.212203
   -0.133762    -0.227408
  -0.0970809    -0.239026
  -0.0588671    -0.246876
  -0.0197267    -0.250831
   0.0197267    -0.250831
   0.0588671    -0.246876
   0.0970809    -0.239026
    0.133762    -0.227408
    0.168335    -0.212203
    0.200252    -0.193651
    0.229012    -0.172045
     0.25416    -0.147727
      0.2753    -0.121078
    0.292098   -0.0925204
    0.304289   -0.0625025
    0.311682   -0.0315004
    0.314159 -9.85075e-16
    0.311682    0.0315004
    0.304289    0.0625025
    0.292098    0.0925204
      0.2753     0.121078
     0.25416     0.147727
    0.229012     0.172045
    0.200252     0.193651
    0.168335     0.212203
    0.133762     0.227408
   0.0970809     0.239026
   0.0588671     0.246876
   0.0197267     0.250831
  -0.0197267     0.250831
  -0.0588671     0.246876
  -0.0970809     0.239026
   -0.133762     0.227408
   -0.168335     0.212203
   -0.200252     0.193651
   -0.229012     0.172045
    -0.25416     0.147727
     -0.2753     0.121078
   -0.292098    0.0925204
   -0.304289    0.0625025
   -0.311682    0.0315004
   -0.314159  1.90875e-15
   -0.311682   -0.0315004
   -0.304289   -0.0625025
   -0.292098   -0.0925204
     -0.2753    -0.121078
    -0.25416    -0.147727
   -0.229012    -0.172045
   -0.200252    -0.193651
   -0.168335    -0.212203
   -0.133762    -0.227408
  -0.0970809    -0.239026
  -0.0588671    -0.246876
  -0.0197267    -0.250831
   0.0197267    -0.250831
   0.0588671    -0.246876
   0.0970809    -0.239026
    0.133762    -0.227408
    0.168335    -0.212203
    0.200252    -0.193651
    0.229012    -0.172045
     0.25416    -0.147727
      0.2753    -0.121078
    0.292098   -0.0925204
    0.304289   -0.0625025
    0.311682   -0.0315004
    0.314159 -1.04663e-15
    0.311682    0.0315004
    0.304289    0.0625025
    0.292098    0.0925204
      0.2753     0.121078
     0.25416     0.147727
    0.229012     0.172045
    0.200252     0.193651
    0.168335     0.212203
    0.133762     0.227408
   0.0970809     0.239026
   0.0588671     0.246876
   0.0197267     0.250831
  -0.0197267     0.250831
  -0.0588671     0.246876
  -0.0970809     0.239026
   -0.133762     0.227408
   -0.168335     0.212203
   -0.200252     0.193651
   -0.229012     0.172045
    -0.25416     0.147727
     -0.2753     0.121078
   -0.292098    0.0925204
   -0.304289    0.0625025
   -0.311682    0.0315004
   -0.314159 -1.60127e-15
   -0.311682   -0.0315004
   -0.304289   -0.0625025
   -0.292098   -0.0925204
     -0.2753    -0.121078
    -0.25416    -0.147727
   -0.229012    -0.172045
   -0.200252    -0.193651
   -0.168335    -0.212203
   -0.133762    -0.227408
  -0.0970809    -0.239026
  -0.0588671    -0.246876
  -0.0197267    -0.250831
   0.0197267    -0.250831
   0.0588671    -0.246876
   0.0970809    -0.239026
    0.133762    -0.227408
    0.168335    -0.212203
    0.200252    -0.193651
    0.229012    -0.172045
     0.25416    -0.147727
      0.2753    -0.121078
    0.292098   -0.0925204
    0.304289   -0.0625025
    0.311682   -0.0315004
    0.314159 -1.10819e-15
    0.311682    0.0315004
    0.304289    0.0625025
    0.292098    0.0925204
      0.2753     0.121078
     0.25416     0.147727
    0.229012     0.172045
    0.200252     0.193651
    0.168335     0.212203
    0.133762     0.227408
   0.0970809     0.239026
   0.0588671     0.246876
   0.0197267     0.250831
  -0.0197267     0.250831
  -0.0588671     0.246876
  -0.0970809     0.239026
   -0.133762     0.227408
   -0.168335     0.212203
   -0.200252     0.193651
   -0.229012     0.172045
    -0.25416     0.147727
     -0.2753     0.121078
   -0.292098    0.0925204
   -0.304289    0.0625025
   -0.311682    0.0315004
   -0.314159  2.46074e-16
   -0.311682   -0.0315004
   -0.304289   -0.0625025
   -0.292098   -0.0925204
     -0.2753    -0.121078
    -0.25416    -0.147727
   -0.229012    -0.172045
   -0.200252    -0.193651
   -0.168335    -0.212203
   -0.133762    -0.227408
  -0.0970809    -0.239026
  -0.0588671    -0.246876
  -0.0197267    -0.250831
   0.0197267    -0.250831
   0.0588671    -0.246876
   0.0970809    -0.239026
    0.133762    -0.227408
    0.168335    -0.212203
    0.200252    -0.193651
    0.229012    -0.172045
     0.25416    -0.147727
      0.2753    -0.121078
    0.292098   -0.0925204
    0.304289   -0.0625025
    0.311682   -0.0315004
    0.314159  6.16041e-16
    0.311682    0.0315004
    0.304289    0.0625025
    0.292098    0.0925204
      0.2753     0.121078
     0.25416     0.147727
    0.229012     0.172045
    0.200252     0.193651
    0.168335     0.212203
    0.133762     0.227408
   0.0970809     0.239026
   0.0588671     0.246876
   0.0197267     0.250831
  -0.0197267     0.250831
  -0.0588671     0.246876
  -0.0970809     0.239026
   -0.133762     0.227408
   -0.168335     0.212203
   -0.200252     0.193651
   -0.229012     0.172045
    -0.25416     0.147727
     -0.2753     0.121078
   -0.292098    0.0925204
   -0.304289    0.0625025
   -0.311682    0.0315004
   -0.314159 -1.47816e-15
   -0.311682   -0.0315004
   -0.304289   -0.0625025
   -0.292098   -0.0925204
     -0.2753    -0.121078
    -0.25416    -0.147727
   -0.229012    -0.172045
   -0.200252    -0.193651
   -0.168335    -0.212203
   -0.133762    -0.227408
  -0.0970809    -0.239026
  -0.0588671    -0.246876
  -0.0197267    -0.250831
   0.0197267    -0.250831
   0.0588671    -0.246876
   0.0970809    -0.239026
    0.133762    -0.227408
    0.168335    -0.212203
    0.200252    -0.193651
    0.229012    -0.172045
     0.25416    -0.147727
      0.2753    -0.121078
    0.292098   -0.0925204
    0.304289   -0.0625025
    0.311682   -0.0315004
    0.314159  2.34027e-15
    0.311682    0.0315004
    0.304289    0.0625025
    0.292098    0.0925204
      0.2753     0.121078
     0.25416     0.147727
    0.229012     0.172045
    0.200252     0.193651
    0.168335     0.212203
    0.133762     0.227408
   0.0970809     0.239026
   0.0588671     0.246876
   0.0197267     0.250831
  -0.0197267     0.250831
  -0.0588671     0.246876
  -0.0970809     0.239026
   -0.133762     0.227408
   -0.168335     0.212203
   -0.200252     0.193651
   -0.229012     0.172045
    -0.25416     0.147727
     -0.2753     0.121078
   -0.292098    0.0925204
   -0.304289    0.0625025
   -0.311682    0.0315004
   -0.314159  3.69189e-16
   -0.311682   -0.0315004
   -0.304289   -0.0625025
   -0.292098   -0.0925204
     -0.2753    -0.121078
    -0.25416    -0.147727
   -0.229012    -0.172045
   -0.200252    -0.193651
   -0.168335    -0.212203
   -0.133762    -0.227408
  -0.0970809    -0.239026
  -0.0588671    -0.246876
  -0.0197267    -0.250831
   0.0197267    -0.250831
   0.0588671    -0.246876
   0.0970809    -0.239026
    0.133762    -0.227408
    0.168335    -0.212203
    0.200252    -0.193651
    0.229012    -0.172045
     0.25416    -0.147727
      0.2753    -0.121078
    0.292098   -0.0925204
    0.304289   -0.0625025
    0.311682   -0.0315004
    0.314159  4.92926e-16
    0.311682    0.0315004
    0.304289    0.0625025
    0.292098    0.0925204
      0.2753     0.121078
     0.25416     0.147727
    0.229012     0.172045
    0.200252     0.193651
    0.168335     0.212203
    0.133762     0.227408
   0.0970809     0.239026
   0.0588671     0.246876
   0.0197267     0.250831
  -0.0197267     0.250831
  -0.0588671     0.246876
  -0.0970809     0.239026
   -0.133762     0.227408
   -0.168335     0.212203
   -0.200252     0.193651
   -0.229012     0.172045
    -0.25416     0.147727
     -0.2753     0.121078
   -0.292098    0.0925204
   -0.304289    0.0625025
   -0.311682    0.0315004
   -0.314159 -1.35504e-15
   -0.311682   -0.0315004
   -0.304289   -0.0625025
   -0.292098   -0.0925204
     -0.2753    -0.121078
    -0.25416    -0.147727
   -0.229012    -0.172045
   -0.200252    -0.193651
   -0.168335    -0.212203
   -0.133762    -0.227408
  -0.0970809    -0.239026
  -0.0588671    -0.246876
  -0.0197267    -0.250831
   0.0197267    -0.250831
   0.0588671    -0.246876
   0.0970809    -0.239026
    0.133762    -0.227408
    0.168335    -0.212203
    0.200252    -0.193651
    0.229012    -0.172045
     0.25416    -0.147727
      0.2753    -0.121078
    0.292098   -0.0925204
    0.304289   -0.0625025
    0.311682   -0.0315004
    0.314159 -1.35442e-15
    0.311682    0.0315004
    0.304289    0.0625025
    0.292098    0.0925204
      0.2753     0.121078
     0.25416     0.147727
    0.229012     0.172045
    0.200252     0.193651
    0.168335     0.212203
    0.133762     0.227408
   0.0970809     0.239026
   0.0588671     0.246876
   0.0197267     0.250831
  -0.0197267     0.250831
  -0.0588671     0.246876
  -0.0970809     0.239026
   -0.133762     0.227408
   -0.168335     0.212203
   -0.200252     0.193651
   -0.229012     0.172045
    -0.25416     0.147727
     -0.2753     0.121078
   -0.292098    0.0925204
   -0.304289    0.0625025
   -0.311682    0.0315004
   -0.314159  4.92304e-16
   -0.311682   -0.0315004
   -0.304289   -0.0625025
   -0.292098   -0.0925204
     -0.2753    -0.121078
    -0.25416    -0.147727
   -0.229012    -0.172045
   -0.200252    -0.193651
   -0.168335    -0.212203
   -0.133762    -0.227408
  -0.0970809    -0.239026
  -0.0588671    -0.246876
  -0.0197267    -0.250831
   0.0197267    -0.250831
   0.0588671    -0.246876
   0.0970809    -0.239026
    0.133762    -0.227408
    0.168335    -0.212203
    0.200252    -0.193651
    0.229012    -0.172045
     0.25416    -0.147727
      0.2753    -0.121078
    0.292098   -0.0925204
    0.304289   -0.0625025
    0.311682   -0.0315004
    0.314159  3.69811e-16
    0.311682    0.0315004
    0.304289     0.062504
    0.292098     0.092519
      0.2753     0.121078
     0.25416     0.147727
    0.229011     0.172046
    0.200254      0.19365
    0.168335     0.212203
    0.133762     0.227408
   0.0970791     0.239027
   0.0588689     0.246876
   0.0197267     0.250831
  -0.0197267     0.250831
  -0.0588689     0.246876
  -0.0970791     0.239027
   -0.133762     0.227408
   -0.168335     0.212203
   -0.200254      0.19365
   -0.229011     0.172046
    -0.25416     0.147727
     -0.2753     0.121078
   -0.292098     0.092519
   -0.304289     0.062504
   -0.311682    0.0315004
   -0.314159 -1.23193e-15
   -0.311682   -0.0315004
   -0.304289    -0.062504
   -0.292098    -0.092519
     -0.2753    -0.121078
    -0.25416    -0.147727
   -0.229011    -0.172046
   -0.200254     -0.19365
   -0.168335    -0.212203
   -0.133762    -0.227408
  -0.0970791    -0.239027
  -0.0588689    -0.246876
  -0.0197267    -0.250831
   0.0197267    -0.250831
   0.0588689    -0.246876
   0.0970791    -0.239027
    0.133762    -0.227408
    0.168335    -0.212203
    0.200254     -0.19365
    0.229011    -0.172046
     0.25416    -0.147727
      0.2753    -0.121078
    0.292098    -0.092519
    0.304289    -0.062504
    0.311682   -0.0315004
    0.314159  2.09404e-15
    0.311682    0.0315004
    0.304289     0.062504
    0.292098     0.092519
      0.2753     0.121078
     0.25416     0.147727
    0.229011     0.172046
    0.200254      0.19365
    0.168335     0.212203
    0.133762     0.227408
   0.0970791     0.239027
   0.0588689     0.246876
   0.0197267     0.250831
  -0.0197267     0.250831
  -0.0588689     0.246876
  -0.0970791     0.239027
   -0.133762     0.227408
   -0.168335     0.212203
   -0.200254      0.19365
   -0.229011     0.172046
    -0.25416     0.147727
     -0.2753     0.121078
   -0.292098     0.092519
   -0.304289     0.062504
   -0.311682    0.0315004
   -0.314159  6.15419e-16
   -0.311682   -0.0315004
   -0.304289    -0.062504
   -0.292098    -0.092519
     -0.2753    -0.121078
    -0.25416    -0.147727
   -0.229011    -0.172046
   -0.200254     -0.19365
   -0.168335    -0.212203
   -0.133762    -0.227408
  -0.0970791    -0.239027
  -0.0588689    -0.246876
  -0.0197267    -0.250831
   0.0197267    -0.250831
   0.0588689    -0.246876
   0.0970791    -0.239027
    0.133762    -0.227408
    0.168335    -0.212203
    0.200254     -0.19365
    0.229011    -0.172046
     0.25416    -0.147727
      0.2753    -0.121078
    0.292098    -0.092519
    0.304289    -0.062504
    0.311682   -0.0315004
    0.314159  2.46697e-16
    0.311682    0.0315004
    0.304289     0.062504
    0.292098     0.092519
      0.2753     0.121078
     0.25416     0.147727
    0.229011     0.172046
    0.200254      0.19365
    0.168335     0.212203
    0.133762     0.227408
   0.0970791     0.239027
   0.0588689     0.246876
   0.0197267     0.250831
  -0.0197267     0.250831
  -0.0588689     0.246876
  -0.0970791     0.239027
   -0.133762     0.227408
   -0.168335     0.212203
   -0.200254      0.19365
   -0.229011     0.172046
    -0.25416     0.147727
     -0.2753     0.121078
   -0.292098     0.092519
   -0.304289     0.062504
   -0.311682    0.0315004
   -0.314159 -1.10881e-15
   -0.311682   -0.0315004
   -0.304289    -0.062504
   -0.292098    -0.092519
     -0.2753    -0.121078
    -0.25416    -0.147727
   -0.229011    -0.172046
   -0.200254     -0.19365
   -0.168335    -0.212203
   -0.133762    -0.227408
  -0.0970791    -0.239027
  -0.0588689    -0.246876
  -0.0197267    -0.250831
   0.0197267    -0.250831
   0.0588689    -0.246876
   0.0970791    -0.239027
    0.133762    -0.227408
    0.168335    -0.212203
    0.200254     -0.19365
    0.229011    -0.172046
     0.25416    -0.147727
      0.2753    -0.121078
    0.292098    -0.092519
    0.304289    -0.062504
    0.311682   -0.0315004
    0.314159 -1.60065e-15
    0.311682    0.0315004
    0.304289     0.062504
    0.292098     0.092519
      0.2753     0.121078
     0.25416     0.147727
    0.229011     0.172046
    0.200254      0.19365
    0.168335     0.212203
    0.133762     0.227408
   0.0970791     0.239027
   0.0588689     0.246876
   0.0197267     0.250831
  -0.0197267     0.250831
  -0.0588689     0.246876
  -0.0970791     0.239027
   -0.133762     0.227408
   -0.168335     0.212203
   -0.200254      0.19365
   -0.229011     0.172046
    -0.25416     0.147727
     -0.2753     0.121078
   -0.292098     0.092519
   -0.304289     0.062504
   -0.311682    0.0315004
   -0.314159  7.38534e-16
   -0.311682   -0.0315004
   -0.304289    -0.062504
   -0.292098    -0.092519
     -0.2753    -0.121078
    -0.25416    -0.147727
   -0.229011    -0.172046
   -0.200254     -0.19365
   -0.168335    -0.212203
   -0.133762    -0.227408
  -0.0970791    -0.239027
  -0.0588689    -0.246876
  -0.0197267    -0.250831
   0.0197267    -0.250831
   0.0588689    -0.246876
   0.0970791    -0.239027
    0.133762    -0.227408
    0.168335    -0.212203
    0.200254     -0.19365
    0.229011    -0.172046
     0.25416    -0.147727
      0.2753    -0.121078
    0.292098    -0.092519
    0.304289    -0.062504
    0.311682   -0.0315004