          0
  0.0010215
 0.00182956
 0.00068899
0.000664715
  0.0014863
 0.00106326
 0.00163825
0.000571287
0.000826843
 0.00141547
 0.00107774
 0.00150824
0.000616137
 0.00122568
0.000626423
 0.00127564
0.000866838
 0.00147419
 0.00092772
 0.00165294
0.000946776
0.000903995
0.000489879
  0.0021027
 0.00118885
 0.00134265
0.000740499
0.000780481
 0.00190284
 0.00149741
 0.00252988
  0.0010639
 0.00169991
 0.00157646
0.000741934
 0.00071134
  0.0014067
 0.00142357
 0.00180144
 0.00102617
 0.00218613
 0.00205831
 0.00152371
0.000961218
0.000565375
0.000587989
0.000740129
 0.00121451
 0.00197522
 0.00151626
0.000775036
 0.00156372
 0.00229244
 0.00086007
  0.0017844
 0.00167479
 0.00185329
 0.00234629
 0.00158697
  0.0018075
 0.00167154
 0.00183162
 0.00161894
 0.00216031
 0.00104939
 0.00136869
 0.00123937
  0.0014253
0.000891482
 0.00150616
 0.00165196
 0.00143205
 0.00185515
  0.0025036
 0.00126331
0.000872003
 0.00132838
0.000702705
 0.00160747
 0.00109675
 0.00162702
0.000927229
0.000877903
 0.00147793
0.000644793
0.000811931
 0.00166415
  0.0015906
 0.00122273
0.000742695
 0.00168905
 0.00162102
0.000826679
 0.00162231
 0.00168718
 0.00128936
 0.00167643
0.000926994
  0.0014077
  0.0015445
0.000703452
 0.00137751
 0.00213215
  0.0012448
 0.00235451
 0.00094347
 0.00190189
 0.00182399
  0.0022273
0.000810729
0.000928743
 0.00233824
 0.00085289
 0.00171585
0.000741267
 0.00175187
 0.00100425
 0.00172637
 0.00086738
  0.0017469
 0.00155024
 0.00220138
 0.00170635
 0.00162825
 0.00171348
 0.00179507
 0.00243233
 0.00208192
0.000896208
 0.00170747
    0.00203
 0.00104516
 0.00151408
 0.00219513
 0.00124225
 0.00095512
  0.0019495
 0.00255276
0.000860267
 0.00354689
 0.00060988
 0.00129969
0.000797308
 0.00134321
 0.00097629
  0.0016446
  0.0012817
 0.00168453
 0.00161935
0.000704158
   0.001459
 0.00208004
 0.00135663
  0.0018416
 0.00072843
0.000707787
 0.00223882
 0.00183818
0.000829097
 0.00125782
 0.00208916
 0.00166964
 0.00209835
 0.00057135
  0.0016805
 0.00138487
 0.00143395
0.000850693
 0.00144655
 0.00239214
 0.00131251
 0.00129725
 0.00133447
 0.00143745
 0.00139572
  0.0015001
 0.00210912
 0.00167771
 0.00141938
0.000529485
 0.00120451
 0.00131887
  0.0011553
 0.00248314
0.000729153
 0.00120664
 0.00132586
 0.00147872
 0.00222484
 0.00157575
0.000665999
0.000590052
 0.00167754
 0.00183706
 0.00210068
 0.00115608
 0.00054341
0.000758157
 0.00198043
 0.00115223
0.000774135
0.000762002
  0.0013697
0.000947015
 0.00125215
 0.00255139
0.000981372
0.000970843
 0.00128382
 0.00168418
0.000834555
 0.00205628
 0.00069607
 0.00149789
0.000548665
 0.00136497
0.000556962
0.000509863
 0.00148633
 0.00155403
 0.00134045
 0.00083022
 0.00145873
 0.00052178
 0.00136165
  0.0013189
 0.00120093
 0.00133028
  0.0010567
0.000665951
 0.00130899
 0.00135923
 0.00188205
0.000517959
0.000663696
 0.00127645
 0.00110697
 0.00083126
 0.00148366
 0.00106609
 0.00138033
 0.00162069
0.000741132
 0.00179406
0.000666512
 0.00167849
0.000752951
 0.00172525
 0.00130331
 0.00112872
 0.00122731
 0.00133236
 0.00117553
 0.00130335
 0.00173947
 0.00157189
 0.00139554
 0.00168612
 0.00197632
 0.00234298
 0.00117396
 0.00257112
 0.00127895
 0.00145532
 0.00198842
 0.00212318
  0.0015584
0.000572393
 0.00209107
 0.00241009
 0.00217355
 0.00136792
 0.00202531
 0.00160049
 0.00163378
0.000732848
 0.00082554
 0.00118446
 0.00141717
 0.00171662
0.000835709
 0.00178403
 0.00133057
 0.00196773
 0.00215474
 0.00116973
 0.00149609
 0.00187493
 0.00231551
 0.00135678
 0.00220928
 0.00164001
 0.00168384
0.000848798
 0.00150774
0.000765913
 0.00127651
 0.00143968
0.000786845
 0.00144179
0.000892185
 0.00117234
  0.0017456
 0.00185784
0.000875393
 0.00155964
 0.00158851
0.000903554
 0.00175023
0.000863099
 0.00165186
 0.00239622
 0.00147754
 0.00212003
 0.00135987
 0.00214026
 0.00225292
 0.00165884
 0.00197063
 0.00165558
 0.00127739
 0.00158203
 0.00124044
 0.00134455
0.000924756
 0.00233212
  0.0010045
 0.00102451
 0.00192029
  0.0011109
 0.00122166
  0.0013762
0.000942927
 0.00173752
 0.00106537
0.000880556
0.000828141
 0.00132203
 0.00117419
 0.00141841
 0.00184328
0.000749274
 0.00141722
0.000663621
 0.00146148
 0.00149151
 0.00172974
 0.00123887
 0.00205706
0.000862463
 0.00116261
 0.00432394
 0.00193814
 0.00217573
 0.00165426
 0.00097277
 0.00133667
  0.0020118
 0.00117693
 0.00146582
 0.00113147
 0.00140011
  0.0037912
0.000871312
0.000989535
 0.00136607
 0.00130741
 0.00179661
 0.00163506
0.000550076
0.000813825
0.000906734
  0.0010844
   0.001177
  0.0013194
 0.00130655
 0.00135274
 0.00119969
 0.00150813
0.000892326
0.000811902
0.000861785
 0.00113346
 0.00177396
0.000977373
 0.00177319
 0.00110387
 0.00094065
  0.0015982
 0.00212544
 0.00225964
 0.00172075
 0.00200825
0.000756699
 0.00190766
 0.00177867
 0.00179307
 0.00168067
0.000860326
  0.0010942
 0.00113794
 0.00120569
 0.00111876
0.000555868
 0.00110474
 0.00224799
  0.0012551
 0.00215492
0.000890092
 0.00177967
  0.0009915
 0.00180591
0.000806357
 0.00156489
 0.00184817
0.000812776
 0.00186662
 0.00176942
 0.00187311
0.000737479
 0.00105197
 0.00174423
 0.00127801
 0.00217201
0.000808961
0.000723953
0.000750786
 0.00125364
0.000838601
0.000793973
 0.00129185
0.000973648
0.000836569
 0.00125738
0.000645276
 0.00118749
0.000644979
 0.00240872
0.000763696
0.000845534
 0.00154598
 0.00152668
0.000798276
0.000760641
 0.00171101
 0.00178039
 0.00184571
 0.00172338
0.000911716
0.000682282
0.000963907
 0.00121276
0.000712464
 0.00237933
 0.00135843
 0.00170749
0.000873145
 0.00171049
 0.00120412
 0.00163273
 0.00106797
 0.00180358
 0.00123336
0.000676765
0.000777426
0.000659925
 0.00136706
0.000852802
0.000929078
 0.00176635
0.000792635
  0.0013304
 0.00103934
0.000614723
 0.00130845
 0.00197899
 0.00100998
 0.00128026
 0.00223494
0.000895227
 0.00110682
 0.00205246
 0.00128264
0.000822169
 0.00079585
  0.0018749
 0.00137892
0.000791907
  0.0012135
0.000752645
 0.00139859
0.000854505
 0.00111917
  0.0010929
 0.00113942
 0.00137905
 0.00141984
0.000462914
0.000640242
 0.00115956
 0.00121783
 0.00153887
0.000763792
 0.00151876
 0.00119922
 0.00112684
 0.00105366
 0.00110524
 0.00151899
0.000622566
 0.00136155
0.000822359
 0.00150295
0.000726201
0.000577287
 0.00107969
 0.00188198
 0.00206001
0.000931925
 0.00113859
 0.00126687
  0.0018887
0.000801453
 0.00133731
 0.00101955
 0.00152086
 0.00144613
 0.00156967
0.000997188
 0.00181232
0.000978837
  0.0017767
 0.00202989
0.000578636
0.000842587
 0.00105243
 0.00134313
 0.00242346
 0.00212974
 0.00146038
0.000890151
 0.00167271
 0.00195053
0.000695981
0.000703783
0.000880393
 0.00103967
 0.00153519
 0.00171241
 0.00152293
 0.00159398
 0.00169451
 0.00153944
 0.00173504
 0.00100589
 0.00166892
 0.00202875
 0.00142942
 0.00123665
 0.00215266
 0.00222451
 0.00126338
0.000854034
 0.00210374
0.000959228
 0.00158346
 0.00138225
 0.00153347
 0.00133662
   0.001289
 0.00134689
0.000912977
0.000791704
0.000825842
 0.00189821
0.000793871
 0.00188238
  0.0019936
 0.00152732
 0.00088832
 0.00149798
 0.00128634
 0.00119881
 0.00206626
0.000793896
 0.00150526
 0.00144559
 0.00179474
0.000847704
 0.00178785
 0.00133169
0.000715717
 0.00211177
 0.00137059
 0.00138482
 0.00130218
  0.0015396
0.000633987
 0.00143566
0.000673937
  0.0014652
 0.00079225
0.000911326
 0.00127659
 0.00136716
 0.00137483
 0.00191205
 0.00163937
 0.00179516
 0.00151252
 0.00161794
 0.00154077
0.000898155
0.000825082
0.000974844
 0.00091162
  0.0014397
 0.00130599
 0.00134942
0.000826945
 0.00194447
0.000955135
  0.0010567
0.000837688
 0.00176597
0.000805827
0.000990976
 0.00101452
0.000790493
 0.00138391
 0.00174062
 0.00115044
 0.00132627
 0.00286074
 0.00166742
0.000956243
 0.00101107
 0.00075044
 0.00182011
 0.00177253
 0.00195524
 0.00142613
0.000755722
0.000752643
0.000843587
 0.00135557
 0.00136515
 0.00184502
 0.00139992
 0.00128015
 0.00121883
 0.00115605
 0.00115984
0.000861341
0.000801607
 0.00175468
 0.00131257
 0.00161134
  0.0007707
 0.00062235
0.000868243
0.000929904
 0.00235118
0.000632538
 0.00141923
 0.00108806
 0.00147879
0.000958696
0.000803037
 0.00152532
 0.00117677
 0.00145568
0.000811048
  0.0014324
 0.00147067
 0.00144913
 0.00167265
 0.00131594
 0.00112829
 0.00114995
 0.00148805
0.000928842
 0.00207978
0.000761225
 0.00090369
 0.00203989
 0.00176194
 0.00183087
 0.00153918
0.000550936
 0.00139512
0.000810088
0.000790821
 0.00135866
0.000726804
 0.00140254
 0.00151478
 0.00140459
0.000629541
 0.00119835
 0.00209186
0.000990789
 0.00142695
  0.0014111
 0.00172735
 0.00122554
0.000658085
 0.00195135
0.000683444
0.000816378
 0.00199401
 0.00127828
 0.00192131
 0.00168477
0.000988917
 0.00105285
 0.00261551
 0.00224001
0.000741563
 0.00187482
0.000824281
 0.00192407
 0.00173974
 0.00157605
0.000885268
 0.00105082
 0.00202182
 0.00102098
 0.00135694
0.000857043
0.000986655
 0.00153246
0.000755861
 0.00160109
 0.00269883
 0.00134466
 0.00162927
0.000860501
0.000885208
0.000802592
0.000638898
 0.00177502
 0.00128409
 0.00122178
 0.00170211
 0.00156532
0.000758929
0.000804384
0.000817648
0.000787662
   0.001158
 0.00181258
 0.00207392
  0.0019938
 0.00257556
 0.00148539
 0.00100618
0.000938782
 0.00202028
 0.00183364
 0.00149081
 0.00168315
 0.00099193
0.000979773
 0.00180051
 0.00161926
 0.00110499
0.000965373
 0.00176812
 0.00115853
  0.0014422
 0.00136363
  0.0023508
0.000796293
 0.00124931
 0.00176734
 0.00232822
0.000814149
 0.00160426
 0.00160723
 0.00186301
0.000509373
0.000740679
 0.00146975
 0.00209274
 0.00140868
 0.00199479
 0.00126012
 0.00234388
 0.00078553
 0.00141223
0.000652545
 0.00186365
0.000895942
 0.00138783
 0.00156932
0.000924992
 0.00146944
 0.00222158
 0.00144357
 0.00165662
0.000801779
0.000747697
0.000961297
0.000904962
 0.00150537
 0.00177517
0.000824969
  0.0020939
 0.00115377
  0.0013685
 0.00104775
 0.00112118
0.000847359
 0.00108554
 0.00122416
 0.00156821
 0.00198602
0.000706786
 0.00092535
  0.0011524
 0.00201687
 0.00164799
  0.0100759
 0.00130027
0.000974904
 0.00163177
 0.00210506
 0.00209162
 0.00174169
0.000790916
  0.0017486
 0.00143188
 0.00210308
 0.00138975
 0.00162216
 0.00089832
 0.00108606
 0.00156281
0.000925575
 0.00140844
 0.00127434
0.000662544
 0.00131744
0.000683961
 0.00228537
 0.00120774
 0.00173631
 0.00145481
 0.00155389
0.000822449
  0.0015525
 0.00147991
 0.00180617
0.000862476
 0.00127038
 0.00136946
0.000933491
 0.00172252
 0.00210665
0.000618704
 0.00160067
0.000969399
 0.00177384
 0.00115297
 0.00182644
 0.00233463
0.000897699
 0.00151642
 0.00224907
 0.00185916
 0.00236196
0.000959261
0.000804578
 0.00127292
 0.00156105
 0.00231624
0.000986259
 0.00170395
 0.00115851
 0.00156537
 0.00200942
 0.00103043
 0.00202359
 0.00105251
 0.00184439
0.000909534
 0.00134006
 0.00133716
0.000766225
0.000840655
 0.00134931
0.000871901
  0.0017129
 0.00150705
 0.00131338
 0.00072757
 0.00137651
0.000574631
 0.00130184
0.000830446
 0.00219812
0.000996904
0.000681392
 0.00193474
0.000938279
0.000956878
  0.0016217
 0.00122309
 0.00093732
 0.00171838
 0.00168591
 0.00102797
 0.00157246
 0.00164055
 0.00086502
 0.00161096
 0.00214388
 0.00209454
0.000874746
 0.00157953
0.000968808
 0.00200506
 0.00100342
0.000904604
0.000825513
 0.00171157
 0.00159437
 0.00191205
 0.00202916
0.000884733
0.000788205
0.000933654
 0.00126352
  0.0023546
 0.00104737
 0.00190492
 0.00192927
 0.00141719
 0.00106149
 0.00147765
 0.00148196
0.000678266
 0.00148289
 0.00101818
 0.00177082
 0.00173132
0.000673759
 0.00125141
 0.00179516
  0.0018355
 0.00195362
 0.00148669
 0.00248417
 0.00176448
 0.00164362
 0.00148956
0.000877015
 0.00189085
 0.00208756
 0.00092018
 0.00164711
 0.00233971
0.000941099
0.000787647
0.000807654
  0.0013799
 0.00150052
 0.00174737
 0.00160308
 0.00183794
 0.00063251
 0.00189053
 0.00118601
0.000880685
 0.00293056
0.000972866
 0.00140131
 0.00187886
 0.00123818
0.000896668
 0.00149716
0.000852404
0.000681128
 0.00149485
0.000959313
 0.00183438
 0.00214659
0.000968515
 0.00124785
0.000939613
 0.00190296
 0.00233944
 0.00069168
 0.00162669
 0.00105279
 0.00121334
0.000893987
0.000626596