          0           0
          0           0
          0           0
          0           0
          0           0
          0           0
   -0.27905     -8.4354
          0           0
          0           0
          0           0
          0           0
          0           0
          0           0
          0           0
          0           0
          0           0
          0           0
          0           0
          0           0
          0           0
          0           0
          0           0
          0           0
          0           0
          0           0
          0           0
          0           0
          0           0
          0           0
          0           0
          0           0
          0           0
          0           0
          0           0
          0           0
          0           0
          0           0
          0           0
          0           0
          0           0
          0           0
   0.744041     13.6968
   -0.81789     9.17848
   0.712517     13.5771
   0.346019     11.6823
     0.1328     10.9871
  0.0786438      11.173
 -0.0806774      11.469
   -0.25141     11.9935
   -0.20315     13.6961
   -0.25618     15.2181
  -0.269462     17.3101
   -0.21913     19.8187
          0           0
          0           0
          0           0
          0           0
          0           0
          0           0
          0           0
          0           0
          0           0
          0           0
          0           0
          0           0
          0           0
          0           0
          0           0
          0           0
          0           0
          0           0
          0           0
          0           0
          0           0
          0           0
          0           0
          0           0
          0           0
          0           0
          0           0
          0           0
          0           0
          0           0
          0           0
          0           0
          0           0
          0           0
          0           0
          0           0
    1.14521     19.5703
   0.885631     16.9102
   0.814857     15.4251
   0.583712     13.5431
   0.396035     12.1687
   0.279285     11.3789
    0.19482     11.1786
  0.0671287     11.0687
-0.00649893     11.5758
   -0.18541     12.2078
  -0.276174     13.3143
  -0.285822     15.1319
  -0.292319     17.1851
  -0.265524     19.5894
          0           0
          0           0
          0           0
          0           0
          0           0
          0           0
          0           0
          0           0
          0           0
          0           0
          0           0
          0           0
          0           0
          0           0
          0           0
          0           0
          0           0
          0           0
          0           0
          0           0
          0           0
          0           0
          0           0
          0           0
          0           0
          0           0
          0           0
          0           0
          0           0
          0           0
          0           0
          0           0
          0           0
          0           0
          0           0
          0           0
    1.22888      19.807
   0.932186     16.9109
   0.913788     15.7076
   0.591318     13.4316
   0.496574     12.4868
   0.251255     11.2631
  0.0879513     10.7574
 -0.0308957     10.7921
  -0.136389     11.2178
   -0.22298     12.0919
  -0.240599     13.5227
  -0.311931      15.001
  -0.281914     17.1999
  -0.246966     19.6609
          0           0
          0           0
          0           0
          0           0
          0           0
          0           0
          0           0
          0           0
          0           0
          0           0
          0           0
          0           0
          0           0
          0           0
          0           0
          0           0
          0           0
          0           0
          0           0
          0           0
          0           0
          0           0
          0           0
          0           0
          0           0
          0           0
          0           0
          0           0
          0           0
          0           0
          0           0
          0           0
          0           0
          0           0
          0           0
          0           0
    1.28505      19.963
   0.887555     16.8217
   0.815061     15.3686
   0.571332     13.4561
   0.394969     12.1145
   0.255811     11.3558
   0.108156     10.8584
 0.00636184     10.9186
 -0.0825758     11.4134
  -0.169475     12.2081
   -0.27032     13.3827
  -0.285885     15.1234
  -0.303684     17.1277
  -0.268896     19.5686
          0           0
          0           0
          0           0
          0           0
          0           0
          0           0
          0           0
          0           0
          0           0
          0           0
          0           0
          0           0
          0           0
          0           0
          0           0
          0           0
          0           0
          0           0
          0           0
          0           0
          0           0
          0           0
          0           0
          0           0
          0           0
          0           0
          0           0
          0           0
          0           0
          0           0
          0           0
          0           0
          0           0
          0           0
          0           0
          0           0
    1.25048     19.8743
   0.891832     16.7965
   0.902198     15.6643
   0.660268     13.7291
   0.453923     12.2912
   0.260611     11.3289
  0.0826194     10.7754
 -0.0407249     10.7377
   -0.13986     11.2148
   -0.23642     12.0319
  -0.287016      13.329
  -0.285356       15.13
  -0.269176     17.2479
  -0.256578     19.6298
          0           0
          0           0
          0           0
          0           0
          0           0
          0           0
          0           0
          0           0
          0           0
          0           0
          0           0
          0           0
          0           0
          0           0
          0           0
          0           0
          0           0
          0           0
          0           0
          0           0
          0           0
          0           0
          0           0
          0           0
          0           0
          0           0
          0           0
          0           0
          0           0
          0           0
          0           0
          0           0
          0           0
          0           0
          0           0
          0           0
    1.23971      19.841
   0.856265     16.6338
   0.931437     15.7578
   0.756669     14.1106
   0.364888     11.9972
   0.141694     10.9308
    0.13944     10.9676
  0.0415542     11.0545
  -0.163021     11.1058
  -0.249898     11.9776
  -0.292332     13.3297
  -0.314055     15.0365
  -0.305415     17.1446
  -0.268609     19.5864
          0           0
          0           0
          0           0
          0           0
          0           0
          0           0
          0           0
          0           0
          0           0
          0           0
          0           0
          0           0
          0           0
          0           0
          0           0
          0           0
          0           0
          0           0
          0           0
          0           0
          0           0
          0           0
          0           0
          0           0
          0           0
          0           0
          0           0
          0           0
          0           0
          0           0
          0           0
          0           0
          0           0
          0           0
          0           0
          0           0
     1.0672     19.3161
   0.758199      16.514
   0.720216     15.1859
   0.495949     13.3774
   0.276325     11.8938
   0.164645      11.169
 -0.0117567     10.6074
   -0.18908     10.4579
  -0.405444     10.5052
  -0.266226     12.1726
  -0.563196     12.6104
  -0.351634     15.2789
  -0.616208     16.2933
  -0.631978     18.7304
  -0.537373          20
          0           0
          0           0
          0           0
          0           0
          0           0
          0           0
          0           0
          0           0
          0           0
          0           0
          0           0
          0           0
          0           0
          0           0
          0           0
          0           0
          0           0
          0           0
          0           0
          0           0
          0           0
          0           0
          0           0
          0           0
          0           0
          0           0
          0           0
          0           0
          0           0
          0           0
          0           0
          0           0
          0           0
          0           0
          0           0
    1.20514      19.792
   0.852365     16.7669
   0.785998     15.3238
   0.518881     13.4034
    0.37327      12.189
   0.184022     11.1485
  0.0428591     10.7451
  -0.123604     10.5913
  -0.256291     10.9521
  -0.351821     11.7816
  -0.418265     13.0484
  -0.462881     14.7213
  -0.404109     17.0172
  -0.449663     19.1822
  -0.415517     19.9993
          0           0
          0           0
          0           0
          0           0
          0           0
          0           0
          0           0
          0           0
          0           0
          0           0
          0           0
          0           0
          0           0
          0           0
          0           0
          0           0
          0           0
          0           0
          0           0
          0           0
          0           0
          0           0
          0           0
          0           0
          0           0
          0           0
          0           0
          0           0
          0           0
          0           0
          0           0
          0           0
          0           0
          0           0
          0           0
       1.24     19.8472
   0.842028     16.7266
   0.782342     15.2306
   0.644032     13.6818
   0.517753     12.6074
   0.320417     11.5325
  0.0795622     10.7532
  -0.082531     10.6157
  -0.169513     11.1401
  -0.262424     11.9559
   -0.26061     13.4462
  -0.307547     15.0513
  -0.301886     17.2031
  -0.252156      19.673
          0           0
          0           0
          0           0
          0           0
          0           0
          0           0
          0           0
          0           0
          0           0
          0           0
          0           0
          0           0
          0           0
          0           0
          0           0
          0           0
          0           0
          0           0
          0           0
          0           0
          0           0
          0           0
          0           0
          0           0
          0           0
          0           0
          0           0
          0           0
          0           0
          0           0
          0           0
          0           0
          0           0
          0           0
          0           0
          0           0
    1.25997     19.8992
   0.875406     16.7049
   0.860005     15.5297
   0.678936     13.8336
   0.502206     12.5445
   0.229376     11.2154
  0.0335476     10.5677
 -0.0619149     10.6805
  -0.173691     11.1124
  -0.216783     12.1338
  -0.294079     13.3384
  -0.315536      15.049
  -0.293125     17.1983
  -0.249009     19.6774
          0           0
          0           0
          0           0
          0           0
          0           0
          0           0
          0           0
          0           0
          0           0
          0           0
          0           0
          0           0
          0           0
          0           0
          0           0
          0           0
          0           0
          0           0
          0           0
          0           0
          0           0
          0           0
          0           0
          0           0
          0           0
          0           0
          0           0
          0           0
          0           0
          0           0
          0           0
          0           0
          0           0
          0           0
          0           0
          0           0
    1.39815          20
   0.782547     16.7246
   0.216198     13.5516
    0.50214     13.1578
   0.655915     13.0109
   0.280997     11.4237
  0.0856062     10.7618
 -0.0198604     10.8642
  -0.136108     11.2472
   -0.22711     12.0688
  -0.271367     13.4067
  -0.301417      15.072
  -0.292248     17.1832
  -0.247833     19.7094
          0           0
          0           0
          0           0
          0           0
          0           0
          0           0
          0           0
          0           0
          0           0
          0           0
          0           0
          0           0
          0           0
          0           0
          0           0
          0           0
          0           0
          0           0
          0           0
          0           0
          0           0
          0           0
          0           0
          0           0
          0           0
          0           0
          0           0
          0           0
          0           0
          0           0
          0           0
          0           0
          0           0
          0           0
          0           0
          0           0
    1.44101          20
   0.807755     16.7534
   0.349207     14.0621
    0.16279     12.2906
   0.409739     12.0196
   0.489534     12.0515
   0.098738     10.8774
 -0.0328733     10.7948
  -0.128546     11.2828
  -0.227221     12.0624
  -0.281732      13.354
  -0.294426     15.1172
  -0.275357     17.2408
  -0.260807      19.642
          0           0
          0           0
          0           0
          0           0
          0           0
          0           0
          0           0
          0           0
          0           0
          0           0
          0           0
          0           0
          0           0
          0           0
          0           0
          0           0
          0           0
          0           0
          0           0
          0           0
          0           0
          0           0
          0           0
          0           0
          0           0
          0           0
          0           0
          0           0
          0           0
          0           0
          0           0
          0           0
          0           0
          0           0
          0           0
          0           0
    1.83588          20
    1.13525     17.5644
   0.550758     14.3966
   0.494032     12.9435
   0.259176     11.7277
   0.263948     11.1788
   0.323719     11.3551
   0.272533     11.5854
   0.127931     11.9099
 -0.0695362     12.4664
  -0.202106     13.4938
  -0.184415     15.2994
   -0.18161     17.4003
  -0.205598     19.7084
          0           0
          0           0
          0           0
          0           0
          0           0
          0           0
          0           0
          0           0
          0           0
          0           0
          0           0
          0           0
          0           0
          0           0
          0           0
          0           0
          0           0
          0           0
          0           0
          0           0
          0           0
          0           0
          0           0
          0           0
          0           0
          0           0
          0           0
          0           0
          0           0
          0           0
          0           0
          0           0
          0           0
          0           0
          0           0
          0           0
    1.98772          20
    1.36228     18.1511
   0.735312     14.8579
   0.918691     14.1225
   0.751378      13.011
    0.57778     12.0568
   0.478016     11.7813
   0.361838     11.7635
   0.259616     12.2246
   0.128768     12.9357
  0.0885046     14.2432
  0.0671386     15.9226
  0.0751423     18.0409
  0.0198426          20
   -0.55942          20
          0           0
          0           0
          0           0
          0           0
          0           0
          0           0
          0           0
          0           0
          0           0
          0           0
          0           0
          0           0
          0           0
          0           0
          0           0
          0           0
          0           0
          0           0
          0           0
          0           0
          0           0
          0           0
          0           0
          0           0
          0           0
          0           0
          0           0
          0           0
          0           0
          0           0
          0           0
          0           0
          0           0
          0           0
          0           0
    1.30441     19.9862
   0.846478     17.1627
   0.445923     13.8832
   0.851585      14.485
   0.461114     12.3925
   0.254595     11.2745
   0.117823     10.9125
 -0.0337298     10.7688
  -0.139271      11.211
  -0.203078     12.1612
  -0.250924     13.4884
  -0.313768     14.9887
  -0.273802     17.2994
  -0.281355     19.4972
          0           0
          0           0
          0           0
          0           0
          0           0
          0           0
          0           0
          0           0
          0           0
          0           0
          0           0
          0           0
          0           0
          0           0
          0           0
          0           0
          0           0
          0           0
          0           0
          0           0
          0           0
          0           0
          0           0
          0           0
          0           0
          0           0
          0           0
          0           0
          0           0
          0           0
          0           0
          0           0
          0           0
          0           0
          0           0
          0           0
    1.25962     19.8948
    1.06879     17.5707
   0.580645     14.2862
   0.846782     14.5527
   0.488776     12.4839
   0.257038     11.3148
  0.0874914     10.7468
 -0.0293316     10.8015
  -0.133755     11.2397
    -0.2044     12.1572
  -0.261193     13.4289
  -0.277733     15.1901
  -0.281209     17.2258
  -0.231228     19.7689
          0           0
          0           0
          0           0
          0           0
          0           0
          0           0
          0           0
          0           0
          0           0
          0           0
          0           0
          0           0
          0           0
          0           0
          0           0
          0           0
          0           0
          0           0
          0           0
          0           0
          0           0
          0           0
          0           0
          0           0
          0           0
          0           0
          0           0
          0           0
          0           0
          0           0
          0           0
          0           0
          0           0
          0           0
          0           0
          0           0
    1.25663     19.8716
    1.03475     17.4239
    1.01369     15.7194
   0.400004     13.0628
   0.588976     12.8248
   0.192998     11.0607
   0.104426      10.813
 -0.0031929     10.9323
  -0.118623     11.3181
  -0.227958     12.0507
  -0.286461     13.4111
  -0.308491     15.0524
  -0.259944     17.3043
  -0.146368          20
   -0.32688          20
          0           0
          0           0
          0           0
          0           0
          0           0
          0           0
          0           0
          0           0
          0           0
          0           0
          0           0
          0           0
          0           0
          0           0
          0           0
          0           0
          0           0
          0           0
          0           0
          0           0
          0           0
          0           0
          0           0
          0           0
          0           0
          0           0
          0           0
          0           0
          0           0
          0           0
          0           0
          0           0
          0           0
          0           0
          0           0
    1.26992     19.9413
    1.11052      17.748
   0.978552     15.7857
   0.369279     12.8189
   0.703352     13.0827
   0.185406     11.1156
 -0.0457536     10.2682
  0.0959324     11.3205
  -0.175197     11.0483
  -0.195364     12.1914
  -0.276848     13.3541
  -0.300742     15.0656
  -0.230851     17.4742
  -0.319957     19.4314
          0           0
          0           0
          0           0
          0           0
          0           0
          0           0
          0           0
          0           0
          0           0
          0           0
          0           0
          0           0
          0           0
          0           0
          0           0
          0           0
          0           0
          0           0
          0           0
          0           0
          0           0
          0           0
          0           0
          0           0
          0           0
          0           0
          0           0
          0           0
          0           0
          0           0
          0           0
          0           0
          0           0
          0           0
          0           0
          0           0
    1.28521          20
     1.1682     17.9312
   0.616515     14.4917
   0.736641     14.0327
   0.502231     12.5783
   0.240592     11.2314
  0.0755285     10.6862
-0.00509548      10.929
  -0.120732     11.2887
  -0.214069     12.1147
  -0.253346     13.4678
  -0.289156     15.1254
   -0.26413     17.3457
  -0.238805     19.7377
          0           0
          0           0
          0           0
          0           0
          0           0
          0           0
          0           0
          0           0
          0           0
          0           0
          0           0
          0           0
          0           0
          0           0
          0           0
          0           0
          0           0
          0           0
          0           0
          0           0
          0           0
          0           0
          0           0
          0           0
          0           0
          0           0
          0           0
          0           0
          0           0
          0           0
          0           0
          0           0
          0           0
          0           0
          0           0
          0           0
    1.22749     19.8235
    1.02131     17.4817
   0.772837       15.12
   0.647888     13.6667
   0.503933      12.594
   0.304323     11.3907
  0.0446399     10.6681
 -0.0582031     10.6381
 -0.0967678     11.4403
  -0.208521     12.1336
  -0.256985     13.4478