           0            0            0            0            0            0            0
    -166.924 -1.05868e-11     -2781.16      2677.59     -2441.35      26.0704       1322.5
     14752.7  1.41062e-11 -6.71557e+12     -63416.8      10152.7     -17699.9      35399.9
     29.1518 -8.39765e-13 -1.61126e+17     -769.929      2430.95    -0.476548     0.892312
    -124.215  1.26935e-08       633368      145.548      290.879      2.34085      58.3462
      157.15  7.95178e-18 -4.44818e+10      173.762      587.115     -20.6402      203.772
     39.1036   1.3949e-31      651.726      81.1131      195.543     -31.0259      114.791
     65.7207 -1.12302e-08     -44182.1      162.433      246.382      30.1552       144.93
     86.0055 -4.19294e-15      1433.43      226.141      284.385      18.8857      267.146
     67.4324 -8.50955e-23      8628.85      196.878      221.214      29.2041      274.042
     47.3154  7.08476e-14      781.523      148.423      182.796      38.8605      279.927
     27.7818 -5.14945e-25      472.497      92.7795      157.279      51.2323      285.802
     20.6006  1.85147e-08 -1.66695e+08      63.7555      83.3561      48.5868      97.1737
     16.3898     -0.46146     -202.865      42.1959      52.3125      82.7782      165.556
     1.96303  -0.00972143  6.72433e+09      4.94912      93.0675      65.6851       131.37
    -11.1599     -0.21031  5.03143e+12     -28.0514      117.904      28.3255      56.6511
    -27.2555 -7.09386e-05   -3.755e+11     -50.1824      162.134       26.693      53.3859
     -44.172  0.000882751     -730.972     -61.6112      198.914      20.5409      41.0818
    -55.0444     -0.67383      -561960     -62.6418      196.971     0.662193      1.32439
    -54.4747   0.00594572  3.61711e+13     -63.7249      158.183      20.1181      40.2361
    -42.9387    0.0791229  1.99709e+07     -62.3906      146.093      58.4121      116.824
     -55.908  -0.00569308 -7.04737e+10     -90.0474      232.972      38.1468      76.2935
    -98.1082  1.64237e-09     -1635.12     -190.686      299.882     -12.1643      138.331
    -113.274      1.42395     -1901.23      -250.47      304.525     -3.29875      285.523
    -89.8223   1.5266e-14     -1497.03      -214.05       232.29     -16.7661      337.488
     -59.695  6.24127e-24     -994.917     -147.231      165.665     -33.5026      334.971
    -34.3728  -1.8511e-14 -4.89832e+07     -78.9226      137.955     -47.7955      323.948
    -25.4995 -5.94773e-14 -3.43299e+08     -56.3592      65.0565     -44.0489      88.0979
     -19.855  1.00296e-09     -330.916     -32.3884      72.7313     -55.6362      111.272
    -9.73602 -1.47473e-07     -162.284     -2.27131      61.6786        -20.3         40.6
    -3.71469  0.000234035 -4.72137e+07      16.8003      64.4302     -36.0634      72.1267
     1.91015  8.66744e-13  3.94332e+06      30.4988      80.5793     -34.1567      68.3135
     10.6599    -0.951278     -44000.9      42.0348      64.4872     -32.6731      65.3463
     16.2286    -0.058297      290.006      46.8955      63.2776     -0.80909      1.61818
     18.3633   2.6116e-05  4.34894e+08      48.1064      55.4453    -0.805325      1.61065
     40.3644  7.36523e-10     -8610.57      90.6501      181.013     -81.4273      162.855
     95.0734  1.11502e-15 -9.19472e+12      242.971      365.794      13.7882      260.621
     61.9791 -1.84664e-15  2.75582e+14      190.575      339.627      34.1101      266.541
     36.7608 -1.10727e-13      1104.48      128.956      260.019      45.7039      273.511
      24.741  5.38693e-06      410.882      79.0254      105.882      52.9216      105.843
     27.5659 -4.03578e-17       603687      74.6657      14.3492      51.3523      102.705
    0.736508 -1.05476e-32      12.2751      5.31381      43.7489      24.3922      277.561
    -21.4058 -5.06704e-32     -356.763     -54.9942      44.8227     -15.3709      265.682
     1.71439 -8.79294e-33      28.5732      8.16647      43.3114      22.7981      276.634
    -3.93174  3.35587e-32      -65.529     -7.43184      42.2934      13.7183      269.355
    -7.30113  2.52142e-31     -121.686     -16.6654      42.4033      8.48289      267.487
    -8.41486 -2.83381e-32     -140.248     -19.6618      43.1267      7.29636       269.21
    -11.1685 -7.77869e-33     -186.141     -27.0551      44.5766      3.51545       272.59
    -14.0389  1.65834e-31     -233.982     -34.7113      46.3843    -0.580983      277.338
    -13.8217 -3.22705e-34     -230.362      -33.835      48.9636     0.907031      286.864
     -15.149  -4.2441e-34     -252.483     -37.1562      51.7908    -0.123244        296.3
    -15.9562  3.96353e-32     -265.936     -38.9701      55.2994    -0.117627      308.664
    -15.8713  5.48723e-32     -264.522     -38.3032      59.1368      1.51313      322.835
      8.4028 -2.75676e-07      9530.65      26.9609      51.2839      43.4687      307.927
     13.7053   1.0489e-15      228.421      40.6229      49.1477      59.0526      303.068
     13.9127     0.218463 -6.94502e+07      38.5437      34.7105      58.9568      251.412
     3.78057 -4.82187e-15      63.0094      13.0947      51.5987       55.597      307.461
    -4.27965 -1.39972e-11     -71.3277     -8.20093       56.501      44.4896      312.491
    -10.9128 -1.85556e-07      -181.88     -25.6369      60.6254      33.5138       316.96
    -16.8008  1.37048e-06     -481.962     -41.1235      63.9527      21.8148      321.238
    -15.7459 -2.07658e-07     -532.223     -38.2782      62.7534      19.8727       321.18
    -14.1348    0.0084619     -236.422      -34.061      61.3675      18.7482      320.756
    -8.74845 -1.96172e-12     -145.763      -19.486      58.1646      24.2051      317.774
      -6.679   7.8066e-05     -1739.55     -13.8565      56.9766      24.8873      316.841
    -4.61798    0.0397082     -4927.13     -8.76819      55.9978      25.2651      316.027
     -3.5738    -0.141458      -50.979     -3.43543      55.0812       25.779      315.156
    -4.38269    -0.165126     -60.3739     -5.25469      55.3911      21.7287      315.992
    -3.42673  -1.8393e-11     -57.1121     -4.59027       55.275        18.67      316.192
     15.1022     0.285356      -3807.9        42.09      48.9485      44.8314      305.601
     20.2134  3.96889e-10       336.89      59.1762       46.585      55.3553      301.598
     17.0362 -9.35036e-08      283.937      50.6142      47.7246      50.3111      303.578
     20.3712 -3.78158e-15      85.0233      59.6158      46.5473      55.3308      301.512
     20.3417  1.09172e-18      339.029      59.5317      46.5402      55.3657      301.527
     20.3661 -1.30306e-28      339.435      59.6011       46.543      55.3521      301.516
     20.4145 -1.88649e-20 -1.70984e+10      59.7388      46.5494      55.3256      301.493
     20.4562 -8.15024e-15 -1.24768e+12       59.856      46.5522      55.3154      301.473
     20.4616 -3.57616e-26      340.632       59.873      46.5553      55.2993      301.472
     20.5296 -4.85264e-15      342.128      60.0681       46.566      55.2613      301.444
     20.6597  2.21292e-15   6.0119e+13       60.412      46.5333      55.4495      301.375
     20.4737 -6.20577e-15 -7.62826e+13      59.9158      46.5744      55.1983      301.467
     20.6145 -1.30959e-16  4.43608e+12      60.3047      46.5718      55.2428      301.399
     20.5672 -1.78311e-21 -3.81676e+06      60.1851      46.5753      55.2404      301.447
     20.0435  1.33674e-08      334.058      58.8348      46.9648      53.6785      301.844
     20.9465  1.97145e-14      349.055      61.2871      46.6418      55.0298      301.315
     17.9846 -8.29092e-08        -2679      53.3221      47.7395      50.1397       303.19
     16.7213 -2.52198e-06       4576.4      49.9287      48.1983      48.0128          304
     15.0506  5.11629e-10      250.844      45.4205      48.7609      45.4198      305.045
     12.4171  4.88157e-09      206.954      38.3051      49.6402      41.3396       306.67
     11.4555 -1.10072e-10      190.926       35.691      49.9255      40.1515      307.251
      7.5316  1.22474e-33      125.527       25.004      50.5588      33.9895      307.214
      4.0604 -2.84411e-33      67.6733      15.1597      47.6223      27.2652      294.232
     3.14245  1.27084e-31      52.3742      12.4059      45.6401      25.4161       286.36
    -0.20073  6.47941e-33      -3.3455      3.03238      43.8621      19.5686       277.73
    -2.95749 -2.12592e-33     -49.2915     -4.66772      42.6805      14.8442      271.615
    -4.77721 -3.58471e-33     -79.6202     -9.74162      42.1004      11.9635      268.225
    -6.29415  2.66642e-32     -104.903     -13.9005      42.3522      9.99073      268.001
    -8.51236 -3.05948e-32     -141.873     -19.9339      42.9895      6.96673      268.708
    -10.0414 -6.48423e-33     -167.356     -23.9972      44.3583      5.36193      272.484
    -13.1554  1.90233e-32     -219.256     -32.2994      46.4444      1.12816      277.987
    -14.9156 -6.79446e-32     -248.593      -36.858      48.7645    -0.919314      285.335
    -15.5762 -8.32992e-32     -259.604     -38.3244      51.7946    -0.874055      296.048
    -16.2339   -9.973e-33     -270.565     -39.7404      55.1792    -0.725139      308.096
    -16.4399  4.33881e-32     -273.998     -39.8754      58.9382     0.282334      321.854
    -16.2585 -5.95378e-11     -270.974     -39.3141      59.5065     0.799438       324.07
    -15.3516 -7.04083e-09     -24.6863     -36.8672      59.2146      2.31721      323.537
    -15.9636 -0.000295591     -64.0904     -38.5121      59.4051      1.23548      323.922
    -16.9956 -1.00037e-10     -283.259     -41.2927      59.6636    -0.959339      324.552
    -12.6432  3.71319e-07     -210.774     -29.5387      58.1456      5.71101      321.873
    -11.4268   0.00673565      -228694     -26.3339      57.7309       7.5122      321.145
    -10.6663    -0.226945     -792.207     -21.4933         57.1      10.2021      320.038
    -8.29903   1.9264e-05     -138.319     -17.8024      56.6031      12.0754      319.197
    -5.03689     0.119649     -92.7003     -10.4102      55.6399      16.1215      317.508
    -1.64262     -6.05464 -1.91215e+13    -0.644169      72.8941      15.6045      317.643
   0.0811129 -8.14209e-10      1.34571      4.83051      53.6716      24.6484      314.028
     2.57082 -5.31983e-13      42.8474      11.5539      52.8017      28.4033      312.493
     4.56307    -0.116959      84.6081      18.3242      51.9284      32.1294      310.951
     9.04173     0.231425      133.749      26.2863      50.9001      36.5692      309.138
     10.5177   1.6634e-05      1759.06      33.0216      50.0352      40.2779      307.605
     13.4239  7.50603e-15      223.732      40.8692      49.0189      44.6734      305.812
     16.0286 -3.74615e-07      267.156      47.9013      48.1025      48.6381      304.205
     18.3086  2.56553e-12      304.378      54.0552       47.299      52.0991      302.795
      20.411 -3.04815e-14      340.191       59.731      46.5576      55.2869      301.496
     20.4749 -1.45138e-13  1.84896e+13      59.8972      46.5321       55.422       301.46
     20.4216 -1.70181e-15   7.0284e+11      59.7602      46.5506      55.3214      301.493
     20.4033 -1.90451e-17  2.76332e+12      59.7075      46.5507      55.3116      301.496
     20.3819  2.83482e-15   5.6666e+10      59.6464      46.5448      55.3472       301.51
     20.3915 -8.13267e-22       335154       59.672      46.5455      55.3382      301.501
     20.3823 -1.11285e-15      339.705      59.6472       46.545      55.3433      301.508
     20.3028 -7.02126e-15 -3.09861e+13      59.4329      46.5589      55.2576      301.547
     20.3878  1.36038e-15        339.8      59.6602      46.5399      55.3724      301.506
     20.3814 -2.22114e-15      339.691      59.6467      46.5457      55.3438      301.512
     20.4068 -5.91828e-14      340.114      59.7203      46.5498      55.3296      301.503
     20.3136 -2.34093e-15  1.81761e+13      59.4734      46.5733      55.1903      301.551
     20.3922  3.85691e-15      339.941      59.6761      46.5465      55.3384      301.505
     20.1465  -5.6155e-06      857.226      59.0183      46.6456      54.9158      301.664
     18.2643   5.0495e-11      304.406      53.9366      47.3057      52.0857      302.828
     16.0022  5.87139e-10       267.16      47.8262      48.0959      48.6936       304.22
     13.2872 -9.60401e-05      933.012      40.4974      49.0528      44.5717      305.896
     10.7449 -2.49135e-11      186.862      33.6307      49.9445      40.7246      307.462
     8.02341 -7.28495e-31      133.723      26.2487      50.6018      36.5052      308.047
     4.09504 -7.68867e-32      68.2507      15.1389      47.5343      28.7979      294.024
     3.93913 -7.74842e-32      65.6522      14.4911       45.734      28.2712      287.291
   -0.667114  6.22871e-32     -11.1186      1.65636      43.8504      20.0812      277.217
    -2.06551 -9.14296e-34     -34.4252     -2.29765      42.9043         17.7      272.719
    -5.71742  1.79107e-31     -95.2903     -12.3729      42.3163      11.5515      268.028
    -8.22072  6.37283e-33     -137.012     -19.2199      42.4246      7.49879      266.702
     -10.166 -1.68893e-32     -169.433     -24.4673      43.1699       4.6179      268.099
    -12.0008 -1.33065e-32     -200.014     -29.3482      44.4774       2.1208      271.644
    -13.6409 -2.79354e-32     -227.349     -33.6238      46.4025     0.145709      277.618
    -14.3627  1.69244e-31     -239.378     -35.3262      48.8757   -0.0407316       286.18
    -15.8987 -5.05774e-32     -264.978      -39.214       51.682     -1.56515      295.503
    -16.0278  5.75371e-32      -267.13     -39.1797      55.1109    -0.492778      308.045
    -16.1505  9.94567e-33     -269.175     -39.0817      58.9406     0.740308      322.073
    -16.2474   1.1521e-08     -276.116     -39.2847      59.4989     0.802765      324.054
    -16.3003  7.94855e-17     -271.672     -39.4242      59.5092     0.654173      324.115
    -16.6284  7.84374e-09     -277.139     -40.3048      59.5713    -0.147875      324.316
    -14.2843   4.1418e-12     -238.072     -33.9749      58.7468      3.40691      322.873
    -13.0853  9.07955e-10     -3733.25     -30.7371      58.3237      5.20994      322.135
    -11.5261  8.16519e-12     -192.098     -26.5258      57.7725      7.54341      321.179
    -9.94421   0.00583524      6334.05     -22.3213      57.2137      9.79711      320.222
    -7.91565  1.81227e-06      679.059     -16.7702      56.4823      12.7935      318.962
    -5.00068    0.0192872     -2533.39      -9.1294      55.4902      17.0795      317.213
     -1.9119     0.274875     -52.0567      -3.8265      54.7966        19.94      316.005
   -0.105183 -5.63512e-09     -42952.2      4.32407      53.7388      24.4871      314.145
     2.37511    -0.022808      -3221.2      11.2936      52.8338      28.3479      312.551
     5.35682    0.0356969       4176.1      18.6517       51.881      32.4231      310.875
     7.82736  4.08157e-08     -475.384      25.7513      50.9651      36.3296       309.26
     10.6756   -0.0714488      183.169      34.2878      49.8518      41.1417        307.3
     13.3306 -9.24517e-15      222.177      40.6102      49.0336      44.6564      305.863
      15.885  8.33653e-13       268.43      47.5076      48.1378      48.5047      304.287
     18.1897   1.1065e-06      5604.32      53.7298      47.3296      51.9713      302.862
     20.3706 -9.17494e-30      339.569      59.6106      46.5423      55.3496      301.507
     20.3471  1.84809e-16   1.3409e+13      59.5531      46.5558      55.2747      301.522
     20.3863 -9.98126e-16      339.772      59.6547      46.5436       55.341      301.499
     20.3452  -4.9021e-17      339.086      59.5378      46.5387      55.3643      301.518
     20.3234 -2.23897e-15      338.694      59.4784      46.5416      55.3432      301.528
     20.3338 -2.52435e-28      338.896       59.505      46.5369      55.3701      301.522
     20.3082 -5.37217e-16      338.471       59.432      46.5337      55.3844      301.533
     20.2305 -6.53237e-15 -3.36257e+13      59.2297      46.5603      55.2318      301.574
     20.3339  4.08636e-29      338.899      59.5096       46.539      55.3701      301.531
     20.3519   2.8461e-15 -4.43402e+13      59.5698      46.5595      55.2636      301.524
     20.3909  4.04221e-27       900.81      59.6732      46.5468      55.3383      301.508
     20.4048 -2.13722e-15      539.905      59.7122      46.5482      55.3315        301.5
     20.3882  -2.9536e-28      348.037      59.6678      46.5476      55.3399      301.513
     19.9304  -3.6578e-08      963.262      58.4376      46.7311      54.5505      301.801
     18.3035   2.1036e-09      305.058       54.044       47.298      52.1139      302.805
     15.9682  7.60045e-08      266.137      47.7374      48.1144      48.6074      304.245
     13.2002   3.1567e-06      220.004      40.2647       49.091      44.3879      305.954
     11.2743 -5.47142e-09      187.904      35.0554      49.7514       41.585      307.128
     8.78418 -7.59022e-31      146.403      28.3144      50.5538      37.9548      308.438
     3.37065 -3.06957e-32      56.1776      13.1652       47.652      27.7126      293.966
     2.54241 -1.54455e-32      42.3735      10.6762      45.7046      25.7562      286.249
   -0.877619  1.19667e-31      -14.627      1.11117      43.9608      19.5319      277.522
    -3.38001 -8.24671e-32     -56.3334     -5.88156      42.7716      15.0434      271.454
    -5.47699 -1.07843e-31     -91.2831     -11.6819       42.346      11.5698      268.448
     -7.7819 -9.86349e-34     -129.698     -17.9993      42.3975      7.92848      267.043
    -9.52441  1.37973e-32      -158.74     -22.7035      43.1222      5.50339      268.449
    -11.1889 -7.44227e-32     -186.482     -27.1212      44.4976      3.46353      272.274
     -12.884  5.14344e-32     -214.733      -31.566      46.3417      1.50859      277.809
    -14.8349  1.41702e-32     -247.249     -36.6279      48.8388    -0.769038      285.672
    -15.5712 -2.24622e-33     -259.519      -38.312       51.778    -0.878819      295.995
    -16.3828 -5.44961e-32     -273.047     -40.1518      55.1358     -1.02115      307.858
    -16.4667 -1.66556e-31     -274.445     -39.9509      58.9066     0.184856      321.747
    -16.3259 -6.94316e-10     -1937.44     -39.4953      59.5187     0.638983      324.105
    -16.4389  3.06798e-08     -273.982      -39.796      59.5471     0.372303      324.214
    -15.6489  -0.00652578     -512.768     -37.5836      59.2447      1.53924      323.708
    -15.4327 -0.000421243     -257.181      -37.069      59.1339      1.56867      323.582
    -13.3821   -0.0479779     -219.491     -30.9631       58.335      4.95629      322.191
    -11.3552  1.09468e-11     -193.029     -26.0626      57.7019      7.72255      321.073
    -10.0199  3.39692e-13       -16692      -22.454      57.2213       9.6385      320.253
    -7.89332            0     -131.555     -16.7091       56.466      12.7529       318.94
    -5.13169 -7.58554e-13     -85.5282     -9.25183      55.5001      16.9319      317.237
    -2.93963  6.32835e-10       506.37     -3.32991      54.7303      20.1861       315.89
    0.411328     0.328545     -17.1773      1.83477      54.0584      22.8585      314.717
     2.77044  8.50981e-10      2116.15      12.0958      52.7335      28.6384      312.373
     5.34268  9.78621e-14      89.0408      19.0421      51.8358       32.528      310.788
     8.15893 -2.03555e-09      135.979      26.6457      50.8503      36.7977      309.049
     11.1406     0.058089      96510.8      34.0053      49.8938      40.9339      307.365
     13.4648  -1.8345e-22   1.6271e+06      40.9712      48.9882      44.8398      305.775
     15.6283  1.86943e-21 -1.29812e+07      46.8056      48.1736       48.022      304.199
     18.5334   2.1211e-14      308.873      54.6558      47.2069      52.4965      302.646
     20.3934  4.30574e-15      339.892      59.6763      46.5465      55.3286      301.497
     20.3689  5.07094e-16 -7.62284e+11      59.6042      46.5411      55.3506      301.504
     20.3643  7.10987e-16 -3.91442e+12      59.5906      46.5378      55.3695      301.508
     20.3536  2.56072e-13      339.227      59.5628        46.54      55.3591      301.516
     20.3621 -4.76609e-19  1.34977e+10      59.5862      46.5407      55.3545       301.51
     20.3418 -2.81665e-19       339.03      59.5294      46.5387      55.3656      301.522
     20.3343 -4.16565e-27      325.889       59.509      46.5381      55.3699      301.527
     20.3867 -2.20393e-20        58495      59.6597       46.546      55.3408      301.506
     20.3828  -4.2001e-20  1.13364e+10      59.6466      46.5441      55.3432      301.504
     20.3803  5.00215e-23     -29167.9      59.6397      46.5439      55.3444      301.506
     20.3653  2.23702e-27      340.802      59.5971       46.542      55.3526      301.512
     20.4055  1.70388e-15   2.8278e+12      59.7032      46.5317      55.4119      301.491
     20.3844 -1.15501e-14  4.64239e+08      59.6493      46.5434       55.342      301.499
     20.0113 -1.79532e-08     -1011.49      58.6529      46.6952      54.7022      301.746
     17.7867 -2.99741e-08     -2126.94      52.6524       47.495       51.255      303.126
     16.0194 -3.85746e-05      266.961      47.8791      48.1075      48.6189      304.215
     13.4358  -9.6298e-17      9249.77      40.8993      49.0093      44.7302      305.804
     11.1793  2.35827e-09      186.321      34.7981      49.7871      41.4094      307.182
     8.31109  1.49388e-30      138.518      27.0286      50.5947      37.0653      308.235
     3.49148 -1.35046e-32      58.1913        13.49      47.5718       27.788      293.745
     3.79477 -2.60833e-33      63.2461      14.0968      45.7191      27.9651      287.134
    0.306495  1.04124e-32      5.10826      4.33076      43.9693      21.8386      278.306
    -2.70259  4.50623e-33     -45.0432     -4.05193      42.8269      16.6322      272.001
    -5.59416  2.64812e-32      -93.236     -12.0292      42.3766      11.7949       268.33
     -8.3137 -1.61208e-31     -138.562     -19.4669      42.4879      7.37266      266.874
    -10.2997 -3.49979e-32     -171.661     -24.8362      43.1316      4.36441       267.88
     -12.042  8.01215e-34       -200.7     -29.4581      44.4839      2.02799      271.661
    -13.8124  1.46404e-31     -230.206     -34.0946      46.3605    -0.207242      277.389
    -14.9728 -7.27017e-31     -249.547      -37.001      48.7592     -1.24901      285.459
    -15.4613  1.08364e-32     -257.688     -38.0076       51.709    -0.922302      295.971
    -15.8165 -8.64007e-33     -263.609     -38.5997      55.1035    -0.185579      308.192
    -16.2673 -5.69213e-32     -271.121     -39.4009      58.9237      0.48482      321.974
    -16.2443 -1.12918e-14     -270.739     -39.2749      59.4879     0.749359      324.057
    -15.3428   0.00179619     -255.846      -36.863      59.2064      2.25649      323.556
     -18.084    -0.279112     -280.726     -40.8922      59.6741    -0.361608      324.475
    -14.3135     0.219898     -253.355     -36.6733      59.0817      1.76947      323.513
    -13.2945  1.75542e-16     -221.574      -31.296      58.3746      4.72351      322.288
    -11.7081 -1.47679e-09     -194.963     -27.0112      57.8108      7.06556      321.305
    -9.65515  3.56499e-10      653.185     -21.4661      57.0915      10.1559      320.044
    -7.84316   -2.023e-08      1080.94      -16.571      56.4489      12.8116      318.924
    -5.32744  3.83682e-11      65914.5     -9.77625      55.5665      16.5771      317.372
     -1.9825     0.310654      114.106     -4.42153        54.87      19.4267      316.167
   -0.992748   -0.0887514      2306.35      2.99448      53.9129      23.4643      314.486
     2.44907  7.81182e-08      70.6478      11.2369        52.85      28.0475      312.592
     7.89027     0.384849     -4520.41      21.3462      51.5371      33.9009      310.273
     7.65302  2.88238e-14       127.48      25.2871      51.0326      36.0107      309.382
     11.0024  3.65069e-16      183.374      34.3304      49.8567       41.114      307.315
     13.1651  2.86869e-12      219.387      40.1738       49.106      44.3282      305.985
     15.8044   0.00849781      262.473      47.2029      48.1998      48.2308      304.384
     18.4009 -1.47336e-22      306.682       54.312       47.269      52.2457      302.754
     20.4202 -2.48428e-20  7.45789e+06      59.7621      46.5533      55.3221      301.505
      20.409  2.77994e-16      309.649      59.7388      46.5651      55.2632      301.517
     20.3993 -1.24515e-14      339.988      59.7024      46.5507      55.3337      301.514
     20.4213 -5.52203e-28      333.603      59.7666      46.5541      55.3214      301.507
     20.4143 -1.78731e-27      340.238      59.7459      46.5528      55.3253      301.509
     20.4051  1.45149e-13      340.492      59.7197      46.5516      55.3306      301.513
     20.4169  5.83582e-18      340.282      59.7493      46.5512      55.3239        301.5
     20.1854  2.15635e-15  9.98333e+12      59.1312      46.6035       55.011      301.614
     20.3702  2.29053e-15      339.504      59.6193      46.5465      55.3498      301.527
     20.4063  2.83034e-13      340.105      59.7226      46.5517      55.3299      301.512
     20.4768  2.20366e-15 -1.05581e+13      59.9118      46.5433      55.3765      301.471
     20.4407 -6.21644e-29      340.679       59.821      46.5562      55.3106      301.497
     20.4201 -2.35986e-14 -2.31962e+12      59.7585      46.5469      55.3571      301.504
     20.3982  9.10848e-19 -4.18322e+10      59.6956      46.5488      55.3323      301.507
      18.325 -2.65784e-10     -1821.35      54.0936      47.2733      52.2213      302.779
     15.8943  3.04911e-10      2407.45      47.5307      48.1288      48.5508      304.279
     13.2957  1.71927e-10      221.596      40.5141      49.0452      44.6025      305.879
     11.2395  1.52688e-11        187.1       34.957      49.7556       41.595      307.144
     8.12179  4.95407e-31      135.363       26.511       50.607      36.8116      308.166
     2.98789  6.25364e-32      49.7981      12.1041      47.5014      26.8822      293.134
     4.22831  5.67786e-33      70.4719       15.281      45.7118      28.6988      287.392
     1.62672  1.33015e-32       27.112      7.94502      44.0953      24.3186      279.646
    -4.06699 -1.05205e-32     -67.7832     -7.78602      42.8614      14.4223      271.185
     -7.2627  1.71176e-31     -121.045     -16.5859      42.3293      8.75795      267.123
    -7.38811 -2.05406e-32     -123.135      -16.927      42.4453      8.75253      267.405
    -9.10823  1.70011e-31     -151.804     -21.5686      43.2162      6.44528      268.951
    -12.4066 -3.27721e-32     -206.777     -30.4632      44.4534      1.45851      271.272
    -14.0146 -1.69083e-32     -233.576     -34.6498      46.3489    -0.544068      277.209
    -15.0502 -5.17228e-32     -250.836     -37.2088      48.7853     -1.38329      285.519
    -15.8523  1.01681e-32     -264.206     -39.0764      51.6859     -1.66171      295.692
    -16.2792 -1.08305e-33      -271.32     -39.8611      55.0734     -1.13659       307.91
    -16.3475  6.45088e-31     -272.458     -39.6197      58.8489     0.128248      321.795
    -16.1894 -2.61144e-18      -293.37     -39.1218      59.4367     0.645937      324.038
    -15.1689  -4.9914e-07      -249.42     -36.3693      59.1182      2.39663      323.438
    -17.3208  1.86796e-06       2521.4     -42.1705      59.8008     -1.31127      324.776
      -14.48 -2.55179e-07      2535.65     -34.4976      58.7932      2.95254      323.022
    -13.6177 -1.39021e-12     -1873.72      -32.165      58.4757       4.1385      322.506
    -12.2959   -0.0153182     -203.806     -28.4081      57.9691      6.07251      321.662
    -10.2101   3.1414e-07     -170.168     -22.9522      57.2525      8.99772      320.424
    -7.45072     0.135358     -134.023     -17.0966      56.4909      12.1662      319.091
    -5.39116  -0.00247104     -998.666     -9.90168      55.5681      16.1693      317.453
    -4.00179  5.70707e-11     -66.6965     -6.16681      55.0809      17.9884       316.62
   -0.322983 -1.72781e-05     -55.8721      3.77001      53.8128      23.5275      314.342
     4.29105  6.56439e-09      18953.7      16.2143      52.2175      30.9033      311.475
     4.30456    -0.119535       -33992      17.6745      52.0291      31.6236      311.159
     7.55254 -1.44723e-08     -2061.49      25.0342       51.089      35.6303      309.477
     10.9041  1.99428e-12      1872.29      34.0857      49.9219      40.7344      307.411
      13.768   -0.0482587      232.978      42.3823      48.8308      45.5127      305.496
     15.3506  1.98693e-05      255.758      46.0936      48.3704      47.4797      304.667
     18.0338  1.70329e-07      300.564      53.3362      47.4386      51.4956          303
     19.8444 -2.84885e-08      6439.68      58.2346      46.8287      54.1423      301.895
     20.5581  4.42828e-15      346.815      60.1693      46.5725      55.2912       301.48
     20.7675 -6.26023e-14      346.124       60.768      46.6198      55.1292       301.38
     20.8222 -8.19583e-28      347.037      60.9329      46.6228      55.0988      301.371
     20.7004  5.29307e-15      344.938      60.5813      46.6048      55.1665      301.419
     20.6418  7.41861e-19       344.03      60.4186      46.5963      55.1991      301.455
     20.8329  5.81635e-17      347.213       60.963      46.6305      55.0943      301.367
     20.6846  3.11498e-17  4.94638e+12      60.5426      46.6059      55.1832      301.441
     20.7799  6.34186e-20  4.28835e+08      60.8144      46.6187      55.1222      301.396
     20.9881 -4.05198e-16  4.37327e+11      61.4195      46.6631      55.0068      301.321
     20.9782 -1.75084e-18      349.636      61.3904      46.6531       55.012      301.326
     20.9293  1.37199e-16 -1.13796e+13      61.2631      46.6604      54.9757      301.362
     20.9609 -5.53854e-18      349.348      61.3497      46.6545      55.0211      301.351
     19.2077 -4.72858e-09      320.129      56.6263      47.2844      52.2087      302.451
     16.8554  6.26127e-17      280.924      50.2844      48.1135      48.4504      303.922
     13.1784  0.000135868      415.267      40.3734      49.4155      42.4088      306.223
     15.5788  -3.5495e-15      259.646      46.8263      48.5327      46.6231        304.7
     11.5375     0.213849      177.085      33.4163      50.1666      39.1844      307.754
     6.32569 -1.24004e-31      105.428      21.7018       50.571      32.0591      306.524
     2.26891  2.01098e-33      37.8152      10.2703      47.6225      24.0128      293.119
     1.94072  -8.9518e-33      32.3454      9.15542      45.6825       22.929        285.8
    -1.23832 -3.73214e-33     -20.6387     0.249006      43.9447      17.2196      277.508
    -4.38214  1.12581e-32     -73.0357     -8.50486       42.688      11.6453       271.03
    -6.05428 -2.40002e-32     -100.905     -13.1583      42.1287      8.85164      267.948
    -8.77367  2.56767e-32     -146.228     -20.6123      42.1567      4.48231      266.434
    -11.5487 -5.71031e-32     -192.479     -28.1395      42.8195     0.113274      267.303
    -14.8676 -7.96074e-33     -247.793     -37.0935      43.9029     -5.25504      269.618
    -13.1606  3.34996e-32     -219.344     -32.1994      45.9656     -1.56275       278.05
    -17.8456 -1.07532e-31     -297.427     -44.7843      48.0636     -8.85897      283.421
    -15.2291  -2.6505e-33     -253.818     -37.2543      51.3892      -3.2606      296.998
    -19.4909 -2.52899e-31     -324.849     -48.5987      54.2113     -9.71219      305.376
    -20.0386  1.43813e-32     -333.977     -49.6473      58.0054     -9.93335      319.587
    -18.6877   4.1357e-09     -348.538     -45.7656      59.4791      -7.5304          326
    -16.9913 -5.09873e-10       134620     -41.1741      58.9717     -4.86917      324.967
    -15.2146  2.21137e-10     -253.577     -36.3705      58.4879     -1.82982      323.902
    -16.4192    0.0398957      -7344.6     -40.0732      58.8675     -4.15611      324.734
    -13.8554  2.93061e-08     -230.926     -32.6876      58.0319    0.0846135      323.036
     -12.001   -7.845e-06     -929.432     -27.6719      57.4737       3.0477      321.882
    -9.61045     0.255977        15002     -24.0792      57.0596      5.07282      321.068
    -7.74614     0.270566     -147.941     -19.1904      56.4892      7.74986      319.963
    -6.29288  4.42353e-07      1561.19     -12.2153      55.6862       11.661      318.388
    -4.61873    -0.207198      2724.83     -5.35367      54.8962      15.5185      316.835
    -1.48453   -0.0324463      26028.8      1.17101      54.1446       19.139      315.366
     2.49478     0.350654      17.3856      7.65505      53.4013      22.6688      313.913
     3.83801     0.117697      56.2145      13.9269      52.6953      25.9911      312.535
     3.70971     -0.14762      96.4537      16.5639      52.4369      26.8836      311.989
     5.40561 -1.83843e-05      14226.5      19.5695      52.1754      27.6599      311.368
      12.335 -5.68822e-07      10605.9      38.3375      50.1025      38.3238      307.108
     17.5821 -3.52719e-07      293.046      52.5051       48.441      46.9989      303.836
     18.2726    0.0993525       297.86       53.256      48.2943      47.6345      303.644
     18.1484  3.68148e-16      302.462      54.0361      48.2485      47.8712      303.485
     20.9698  1.14457e-05     -11817.9      61.6752      47.3911      52.1734      301.749
     22.2306 -1.26335e-17  1.70565e+12      65.0726      46.9555      54.3009      300.955
     22.1665 -7.89545e-17      369.441      64.8833      46.9342      54.3521      300.975
     22.0909  8.85108e-18  8.68784e+11      64.6627      46.9174      54.3778      300.998
     22.0457  3.51371e-15 -1.07478e+12      64.5208      46.8891      54.4799      301.008
     21.9503 -1.43125e-13      365.838      64.2487       46.878      54.4721      301.043
     21.8961  1.05498e-18  2.75489e+12      64.0866      46.8588      54.5264      301.058
     21.8182 -1.79951e-15 -9.84447e+12      63.8616       46.845      54.5456      301.084
      21.753  4.74591e-18       362.55      63.6706      46.8292      54.5817      301.105
     21.6919 -1.97532e-14      361.531      63.4907      46.8141      54.6156      301.123
     21.6328 -7.16541e-16       360.32      63.3172      46.7997      54.6493      301.141
     21.5693  -3.3323e-17  2.48735e+12       63.129      46.7818      54.6999      301.159
     20.3068  -0.00908508      339.061      59.8014       47.138      52.9925      301.889
     18.3003    3.925e-09      305.006      54.2537      47.7645      50.0525      303.124
     16.0156 -1.82305e-06      5795.42      48.0585      48.4775      46.7492      304.507
     13.5735 -3.68294e-06      585.946      41.4391      49.2507      43.2102      305.987
     11.0128 -9.31966e-08      837.512      34.5003      50.0718      39.4962       307.54
     8.35301  -5.4346e-31      139.217       27.259      50.6156      35.5307      307.974
     3.53132  4.05023e-32      58.8554      13.7037      47.5784      26.4503      293.753
      2.7177 -3.93795e-32      45.2949      11.2447      45.6265      24.6901      286.059
    -1.11363  1.50206e-31     -18.5605     0.557016      43.9514      17.9147      277.533
     -3.2169  -1.5374e-31      -53.615     -5.34556       42.794      14.2295      271.942
    -6.03857 -2.65459e-32     -100.643     -13.1589      42.1413      9.48883      267.766
    -8.25562  4.53361e-31     -137.594     -19.2274      42.2735      6.01515      266.841
    -10.8947 -1.90133e-32     -181.578     -26.3882      42.9188      1.93242      267.593
    -13.0869  -3.1685e-32     -218.116     -32.2489      44.1933     -1.27249      270.995
    -14.7841 -1.52152e-32     -246.402     -36.6895      46.0136     -3.51387      276.755
    -16.1117 -9.90641e-33     -268.528     -40.0551      48.3755     -4.99124      284.769
    -17.1698  2.26737e-31     -286.163     -42.6217      51.2632      -5.8907      294.929
    -16.8068 -1.11369e-31     -280.113     -41.2437      54.6769     -4.13315      307.747
    -17.9813 -2.46543e-31     -299.689     -44.0409      58.3516     -4.99922       320.77
    -17.5812            0  2.48972e+06     -42.8144      59.4564      -4.0833      325.179
    -17.7839 -5.04779e-12     -279.291     -43.3566      59.4849     -4.61214      325.332
    -15.7104  6.67335e-05     -261.844     -37.7499      58.8345     -1.35313      324.068
    -14.9056      0.03197      41095.1       -35.94        58.62    -0.309708      323.647
    -13.8198  4.51438e-08     -170.376      -32.637      58.2204      1.54189      322.881
    -11.2282     0.169602     -201.044     -27.5772      57.6148      4.43492        321.7
     -9.0328  2.18041e-15     -150.547     -19.7028      56.6964      9.14326      319.894
    -7.11508     0.274454      49995.6     -17.6806      56.4407      10.2346       319.42
    -5.22767 -1.40304e-05     -30480.4     -9.41992      55.4405      14.9866       317.52
    -2.06969  1.50531e-07      -34.471     -0.89555      54.4028      20.0288      315.545
    0.433148  1.32632e-12      2430.59      5.85697      53.5641      24.0329      313.976
     2.93115  2.88339e-08      48.8525      12.5977      52.7163      27.9655      312.415
      6.3948   -0.0142825     -2910.57      22.1049      51.5026      33.6039      310.208
     10.6519     0.404701      8749.71      28.6487       50.647      37.4916      308.688
     13.4346     0.180857      6295.46      38.7568      49.2962      43.5799      306.329
     12.3334 -1.45724e-06      1597.55       37.949      49.4269      42.9052      306.538
     15.4914  -9.8636e-09      14145.5      46.4829      48.3388      47.5978      304.594
     17.2621   0.00125063     -709.523      51.2679      47.7635      50.0855      303.529
     20.4738  1.58502e-09      341.243      59.9489      46.6366      54.9929      301.529
     20.5605  -8.2126e-15      342.675      60.1715      46.5774      55.2442      301.461
     20.4526  -1.0974e-16  1.40084e+12      59.8597      46.5612      55.3119      301.502
     20.4658 -2.81992e-18      841.893      59.8955       46.561      55.2968      301.491
     20.4697 -1.58791e-24      3441.29      59.9072      46.5617      55.2945       301.49
     20.4715  1.60329e-16  1.18581e+13      59.9163      46.5686      55.2605      301.492
     20.5007  7.71363e-14      341.679       59.997      46.5666      55.2773      301.479
     20.5103  -3.9387e-27      341.987      60.0243      46.5678      55.2721      301.475
     20.6186  1.25117e-15   4.3691e+13      60.3278      46.5624      55.3422      301.437
     20.5608  5.15357e-15  1.16511e+11      60.1737      46.5769       55.248      301.464
     20.5447 -1.34832e-15      342.588      60.1265      46.5746      55.2529      301.468
     20.5223  1.63808e-16  2.52059e+08      60.0637      46.5744      55.2483      301.477
     20.5245  5.71793e-14      342.074      60.0686      46.5717      55.2635      301.476
     20.3164 -3.84192e-10     -1371.64      59.5061      46.6439      54.9508      301.604
     18.2041   7.9814e-05  7.11442e+06      53.7972       47.377      51.7703        302.9
     16.5656 -1.51852e-05      194.053      49.3597      47.9193      49.4479      303.892
     13.5956  8.46242e-14      226.594      41.3346      48.9503      45.0123      305.718
     10.9219 -1.10633e-12      182.031      34.1116      49.8826      41.0082      307.363
     8.16998 -1.82282e-31      136.166      26.6521        50.61      36.7946      308.191
     2.79072  1.12408e-31       46.512      11.6051      47.7231      26.5172      293.827
      2.2024 -2.51698e-32      36.7067      9.75729      45.6199      24.8545      285.712
    0.271699 -3.26311e-32      4.52831      4.26065      43.9109      21.3168      278.107
    -1.65345 -2.03425e-33     -27.5575     -1.14537      42.9465       18.177      273.196
    -4.67129  5.29565e-34     -77.8548     -9.49641      42.3694      13.2757       268.95
    -8.34526  -1.5095e-31     -139.088     -19.5523       42.467      7.28834      266.796
    -10.8795 -7.85399e-32     -181.324     -26.4147      43.1349      3.29308      267.579
    -12.4068  8.92184e-33      -206.78     -30.4458      44.4705       1.2422      271.499
    -14.0947 -6.55515e-33     -234.911     -34.8592      46.3035    -0.917123      277.167
    -14.5082 -5.69703e-33     -241.803     -35.7196      48.7542    -0.626818      285.871
     -15.708  6.15465e-33     -261.799     -38.6805      51.6434     -1.52494      295.706
    -16.2042  2.70401e-32     -270.071     -39.6455      55.1274     -1.06069      308.221
    -16.0994  -2.5094e-31     -268.323     -38.9328      58.8961     0.538844      322.158
    -16.0562   0.00262864      1988.35     -38.7927      59.4004     0.847924      323.986
    -16.0296 -3.23062e-10      401.795     -38.6876      59.3926     0.916797      323.991
    -16.4464 -7.82906e-07     -274.106     -39.8082      59.4963    0.0361752      324.252
    -14.7052  3.05096e-05     -245.089     -35.1044      58.8716      2.59203      323.179
    -13.3273  7.69224e-09     -222.116     -31.3816      58.3804      4.62034      322.326
    -11.6976  -6.8925e-13      10385.7     -26.9789      57.8045      7.03604      321.325
    -10.0286 -2.87822e-17      -566279      -22.469      57.2099      9.46404      320.294
    -7.61277 -1.19118e-15     -127.013     -15.9431      56.3655      13.0932      318.808
    -6.02877    -0.109866      117.269     -10.3584      55.6387      16.1389      317.533
    -2.06799   -0.0914157     -27.7376       0.1156      54.2939      22.2366      315.126
     1.90302     0.338138       377246      5.69922      53.5634      25.4634      313.835
     3.00146 -2.03721e-15       50.102      12.7038      52.6447      29.4489      312.226
     5.58967 -3.19668e-11      2702.35      19.6907      51.7265      33.3829      310.627
     8.19144  3.67444e-06      29.2387      26.7155      50.8038      37.3019      309.021
     11.2875    0.0902523      13762.4      33.9931      49.8477      41.3592      307.357
     13.5205 -6.28349e-05       225.34      41.1048      48.9125      45.3274      305.731
     16.0157   -0.0047248      267.326      47.8973      48.0177      49.1225      304.178
     18.3542 -4.92865e-06      305.917      54.1538      47.1929      52.6163      302.746
     20.2181 -6.90894e-21 -6.72286e+09      59.1848      46.5272      55.4344      301.594
     20.2024 -4.26007e-15 -2.06735e+12      59.1393      46.5237      55.4519      301.601
     20.1818   1.5854e-17   2.3232e+12       59.082      46.5239      55.4489      301.611
     20.1824  1.93183e-26      336.472      59.0831      46.5229      55.4543       301.61
     20.1867 -9.33432e-14      336.538      59.0957      46.5244      55.4458      301.608
     20.1932  4.87014e-15      336.553      59.1132      46.5238      55.4483      301.604
     20.1802  1.01092e-14      336.312      59.0774      46.5242      55.4468      301.611
     20.1831  7.11238e-14      336.385      59.0852       46.523      55.4538       301.61
     20.1946  6.25079e-14      336.661      59.1173      46.5239       55.449      301.604
     20.1961 -4.65271e-20   1.3253e+10      59.1213      46.5241      55.4467      301.602
     20.1966  1.04472e-19      336.608      59.1214      46.5213      55.4627      301.602
     20.2051 -1.58136e-17 -1.05477e+13      59.1443      46.5194      55.4743      301.598
     20.1968 -6.78879e-18      336.613       59.123      46.5238      55.4481      301.602
     20.1876  -1.3338e-14      336.464      59.0978      46.5246      55.4431      301.606
     18.4976 -7.22125e-07      308.293      54.5336      47.1226      52.9227      302.649
      16.066  2.55884e-11      690.893      47.9685      47.9896      49.2613      304.149
     13.5256 -7.04158e-06  2.55405e+07      41.1103      48.8954      45.4246      305.713
     11.0284  9.44107e-13      183.806       34.367      49.7837      41.6794      307.257
     8.23934   2.2757e-30      137.322      26.8192       50.622      37.4216      308.406
     3.09493 -5.07342e-32      51.5822      12.3872      47.5655      27.4608      293.463
     3.07572  1.63384e-33       51.262      12.1267      45.7594      26.9581      286.822
    0.497123 -3.04324e-32      8.28539      4.85761      44.0682       22.355      278.796
    -2.12022 -2.72845e-34     -35.3369     -2.44546       43.029      17.9181      273.106
    -6.14044  5.44558e-32     -102.341     -13.5282      42.4163      11.0573      268.054
    -9.05087   1.4992e-32     -150.848     -21.4917      42.4354      6.14642      266.175
    -10.5982 -3.14459e-32     -176.636     -25.6477       43.145        3.824      267.766
    -12.4925 -8.70898e-33     -208.208     -30.6848       44.466      1.15051      271.386
    -13.4859  2.92098e-33     -224.765     -33.1909       46.393     0.266002      277.795
    -15.0479  3.34483e-32     -250.798     -37.1978       48.789     -1.44271      285.593
    -15.8482  1.29224e-32     -264.137     -39.0601       51.695     -1.71326      295.787
    -16.0847 -1.38061e-32     -268.079     -39.3249      55.0867    -0.835034      308.117
    -16.0752  2.12773e-31      -267.92     -38.8681      58.9032     0.630496      322.164
     -15.408 -1.86071e-07     -436.659     -37.0157      59.2021      2.04456      323.566
    -14.8119  0.000244159     -246.887     -35.4146      59.0403      3.22145      323.211
    -15.6069 -1.32375e-10      560.329     -37.5559      59.3076      1.94133      323.701
    -12.8407     0.149032     -224.977     -31.8983      58.5839      5.26663      322.404
    -12.7295  2.16526e-06     -12316.4     -29.7929      58.3047      6.47277      321.909
    -9.45496     0.254321     -388.154     -24.0514      57.5537      9.82004      320.572
    -9.72942    -0.211438      56480.9     -19.1272      56.9048      12.6909      319.436
    -6.46066 -1.88849e-05     -2970.04     -12.8888      56.0743      16.3269      317.986
    -4.41686  -1.9376e-11     -2568.03      -7.3784      55.3301      19.4817      316.709
    -1.62554 -1.46171e-12     -27.1119     0.145945      54.3098      23.8188      314.966
    0.848563   -0.0196721      15.6228       7.0555      53.3632      27.7903      313.363
     3.83996 -3.71545e-15      64.8036      14.8745      52.2839      32.3031      311.554
     6.03225 -1.04674e-09      100.538      20.7842      51.4646      35.6167      310.187
     10.9111     0.363412      154.181      29.4361      50.2572      40.5557      308.189
     11.3118 -7.41783e-17       188.53      35.0158      49.4842      43.6371      306.906
     14.3626  2.91054e-10      41992.2      43.2391      48.3321      48.2839      305.012
     16.5157 -9.62676e-12      275.262      49.0451      47.5246      51.5083      303.678
     19.3532 -4.54542e-12      322.553      56.6879      46.4375      55.8637       301.91
     19.3268 -1.57542e-15      322.114      56.6072      46.4233      55.9295      301.913
     19.3159  5.79682e-15      321.932      56.5696      46.4189      55.9357      301.904
     19.2323   -7.065e-14      320.538      56.3293      46.4134      55.9821      301.936
     19.2443  9.36813e-18      320.739       56.364      46.4131      55.9753      301.932
     19.2131 -2.98744e-15      320.321      56.2727      46.4101      55.9928      301.941
     19.2003 -4.47469e-16 -5.75101e+10      56.2342       46.408      56.0001      301.942
     19.1619 -5.77071e-15      319.366        56.12      46.4033      56.0212      301.948
     19.1045  4.66746e-16       318.67      55.9566      46.4003      56.0531      301.974
      19.109  1.54777e-17  6.85141e+09      55.9669      46.3986      56.0505      301.966
     19.0632  2.28948e-13      -599450      55.8351      46.3956      56.0759      301.984
     19.0296  6.25959e-13       317.16       55.739      46.3933      56.0947      301.998
     19.0485 -7.72948e-14      317.476      55.7911      46.3934      56.0841      301.985
     19.0518 -2.20029e-21      345.778      55.7994       46.393      56.0824      301.982
      19.037  -2.2035e-29      317.284      55.7582      46.3927      56.0905       301.99
     19.0488 -3.31182e-16      317.481       55.789       46.392      56.0837      301.979
     17.3352  9.42958e-09       317.32       51.162      47.0302      53.6265      303.028
     14.4027  4.55275e-06     -173.319      43.2603        48.16      49.2517      304.849
     11.7199 -1.52303e-07      22754.8      36.0293      49.1945      45.2299      306.506
     9.20167 -1.00989e-18      153.361      29.2391      50.1608      41.4932      308.058
    0.688014  1.95193e-32      11.4669      5.79395      48.4801      25.7027       294.92
    -6.69962  2.35339e-33      -111.66     -14.5878      46.3086      10.9286      281.663
    -1.84613 -4.71229e-33     -30.7689     -1.54275      43.8431      17.7636      276.466
    0.330167  2.18689e-32      5.50279      4.26453      42.8918      21.6804      274.247
    -5.35207  7.90226e-33     -89.2012      -11.361      42.4551      12.3399      268.758
    -8.31868   -7.063e-32     -138.645     -19.4859      42.4894      7.47504      266.832
    -10.0706 -3.79762e-31     -167.844     -24.2001      43.2746      4.93282      268.495
    -12.0593  -7.9107e-33     -200.988     -29.5031      44.5709      2.16263      271.894
    -13.7439 -8.16983e-32     -229.065     -33.9074      46.4266    0.0651894       277.59
    -14.8245 -1.13182e-31     -247.075     -36.5914      48.8652    -0.809736      285.843
    -15.7569 -1.01166e-32     -262.615     -38.8177      51.7502     -1.29354      295.855
    -16.1832 -1.65653e-31      -269.72     -39.5999       55.143    -0.751012      308.083
    -16.1685 -1.39112e-30     -269.475     -39.1189      59.0239     0.721327      322.401
    -16.2294 -6.03079e-11     -270.489     -39.2326       59.497     0.818282       324.09
    -15.5619 -5.83065e-08     -259.365     -37.4324      59.2773      1.92357      323.678
    -14.3697 -4.01761e-08     -234.764     -34.2197      58.8834      3.92685      322.916
    -14.0918    -0.243361      10695.1     -30.5157      58.4298      6.27627      322.045
     -11.931  7.07866e-08     -552.259     -27.6514      58.0678      8.07604      321.365
    -10.6414 -7.37383e-06     -177.355     -24.1751      57.6091      10.1258      320.556
    -8.79053 -5.78215e-10     -146.512     -19.1847      56.9401      13.0012      319.399
    -6.54974  7.48086e-15     -109.189     -13.1438      56.1252      16.4816      317.999
    -3.89918 -4.33681e-19 -3.62178e+08     -6.00186      55.1554        20.64      316.335
   -0.663202     0.206075     -26.8011     0.174258      54.3066      24.2029      314.899
     1.02528   0.00061534      3917.16      7.26021      53.3268      28.2656      313.263
     5.43386     0.357539      63.4564      14.7115       52.287      32.5345      311.534
     6.84132     0.050592     -293.786      22.3053      51.2185      36.8891      309.771
     9.87354     0.117981      155.392      29.6302      50.1802      41.0781      308.072
     11.8275   -0.0513913      97372.4      37.0029      49.1276      45.2918      306.362
     14.6888  -1.1236e-13      176.946      44.0627      48.1114      49.3227      304.718
     17.8047 -1.94254e-09      296.742      52.4387       46.876      54.2106      302.754
     18.9694 -3.75508e-20 -1.11966e+08      55.5603      46.3877      56.1283      302.009
     18.9372   3.7329e-15      315.621      55.4658      46.3834      56.1459      302.016
     18.8752 -6.03635e-15      314.551      55.2889      46.3855      56.1376      302.035
     18.8769 -3.00706e-15  2.22187e+12      55.2893      46.3775      56.1834      302.034
     18.8903  2.65546e-24      1081.58      55.3286      46.3791      56.1722      302.029
     18.8769  8.75022e-18      314.615      55.2899      46.3782      56.1795      302.034
     18.8811 -1.34353e-15      314.685      55.3002      46.3775       56.178      302.029
      18.867 -5.72619e-17      -717188      55.2593      46.3762      56.1878      302.034
     18.8318 -1.97904e-15       313.66      55.1563      46.3737      56.2044      302.042
     18.8056 -9.82234e-15  7.91029e+13      55.0792      46.3711      56.2195      302.048
      18.783 -5.98922e-16      313.049      55.0129      46.3693      56.2316      302.054
     18.7334  2.47112e-22      312.224      54.8686      46.3659      56.2593      302.069
      18.858  4.09157e-15 -3.62393e+09      55.1837      46.3053      56.5767      301.997
     18.7575  3.64045e-15  3.67758e+11      54.9221      46.3445      56.3679      302.047
     18.6602 -2.91121e-15  7.18254e+12      54.6616      46.3682      56.2601      302.097
     18.6422  1.03486e-18  1.89854e+08      54.6031      46.3593      56.3099      302.095
     17.4677  2.23128e-12     -8521.92      51.4325      46.8072      54.6318      302.813
     14.7134 -6.50376e-10      1062.48      44.0139      47.8928       50.541      304.518
     12.2504  4.03282e-12      204.174      37.3764      48.8594      46.9132      306.036
     9.46031  3.85576e-10      678.616      29.8615      49.9608       42.778      307.764
    0.691839 -1.33324e-32      11.5306      5.75373      48.5203      26.5408      294.971
    -5.18629  1.16032e-32     -86.4382     -10.4638      46.5968      14.5215      283.555
    -7.08456  2.43303e-33     -118.076     -15.8324      44.4046      9.36221      274.809
    -3.05134  1.22687e-32     -50.8557       -4.997      42.5115      15.3531      270.754
    -2.12359  1.95165e-33     -35.3932     -2.53243      42.2911      17.4976      270.307
     -8.1352  1.95054e-32     -135.587     -18.9699      42.6011      7.81082      267.374
    -10.2447 -6.12697e-34     -170.745     -24.6807      43.2236       4.5957      268.205
    -11.9404 -2.14703e-32     -199.007     -29.1756      44.5807      2.34872       272.02
    -13.7388  -1.9177e-31      -228.98     -33.8946      46.4125    0.0585762      277.548
    -14.9597  2.25415e-32     -249.329     -36.9647      48.8242     -1.08005      285.622
    -15.6491 -3.35867e-32     -260.819     -38.5185      51.7785     -1.12016      296.044
    -15.9442 -6.57641e-33     -265.737     -38.9457      55.1536    -0.320733      308.259
    -16.3578  9.63862e-32      -272.63      -39.642      58.9861     0.393965       322.13
    -16.1742 -4.38592e-18     -53.6172     -39.0844      59.4769     0.907798      324.044
    -14.6048  5.72885e-06     -243.413     -34.8564      58.9678      3.58609      323.032
    -12.2713  3.10923e-13      -143957     -28.5792      58.2263      7.76874      321.508
    -10.7205  5.59444e-08     -2349.62     -24.4224      57.7457       10.848      320.462
    -9.84311 -4.89772e-07     -6567.03     -22.0797      57.4719      12.7606       319.85
    -8.87366   -0.0130909      742.964     -19.3188      57.1116      14.7251       319.16
     -6.9491  5.29121e-07     -115.818     -14.3157      56.4194      17.8958      317.956
    -4.79696    7.565e-12     -79.9444     -8.53639      55.5972      21.4747      316.576
    -2.33891 -3.52371e-05     -38.9855     -1.93706      54.6357      25.5091          315
 0.000886626   -0.0526353       4.2524      5.02315      53.5996      29.7383      313.342
     3.00147  -3.2365e-08      50.0253      12.3908      52.4801      34.1932      311.589
     6.25737    0.0592395      99.4498      20.3394      51.2452      38.9973      309.688
     9.26102    0.0965114      146.423      27.8845      50.0451      43.5629      307.882
     11.3466 -7.33597e-10     -3288.19      34.7463      48.9335      47.6802      306.241
     14.0812  0.000993898      234.596      42.0532      47.7353      52.0223      304.494
     16.7624 -2.91151e-10     -2087.12      49.2408      46.5377      56.2906      302.777
     17.1441 -5.46551e-15      285.735      50.2366      46.3157      57.1423      302.494
     16.9989 -1.57761e-14      283.315      49.8149      46.3181      57.2228      302.532
     16.8546  3.19358e-13       280.91      49.3978      46.3223      57.3031      302.575
     16.7612 -1.85624e-14  9.99156e+12      49.1197      46.3142      57.4201      302.596
     16.6087 -4.39207e-19 -1.42846e+08      48.6861      46.3306      57.4388      302.644
     16.4948  5.48974e-23     -24791.6      48.3557       46.335       57.503      302.675
     16.3932 -2.67563e-13      272.987       48.064      46.3422      57.5438      302.706
      16.306  5.78726e-17      271.766      47.8096      46.3446      57.6078      302.727
     16.2915  2.35928e-15   3.3752e+13      47.7441      46.3158      57.8151      302.712
     16.1151 -2.08115e-17      268.616      47.2575      46.3566      57.7139      302.779
     16.0205  3.53306e-16      267.009      46.9837      46.3632      57.7663      302.803
     15.9162  5.09085e-18 -9.67486e+11      46.6829      46.3726       57.816      302.832
     15.8109 -2.23383e-16  2.19646e+12      46.3795      46.3823      57.8666      302.861
     15.7211 -1.25358e-26      240.197       46.118      46.3876      57.9327      302.883
     15.6288 -1.17105e-14  1.03889e+13      45.8512      46.3957      57.9851      302.907
     15.5373 -2.92421e-13      258.954      45.5869      46.4046       58.035      302.931
     15.4408  2.92004e-27      264.643      45.3094      46.4151      58.0884      302.959
     15.3659 -2.35034e-19      256.098      45.0925      46.4221        58.13      302.977
     15.2883  -3.8306e-14      254.805      44.8686      46.4307      58.1733      302.997
     15.0356  3.70354e-11     -1090.47      44.1748       46.521      57.9732      303.124
      12.405  1.69472e-10      174.505      37.1186      47.7519      54.3046      304.732
     2.38111 -8.11335e-32      39.6851      9.95945      48.9366      36.5188      297.483
    -5.08561   1.0092e-32     -84.7601      -10.489      47.5411      21.1839      284.576
    -4.87419  9.33681e-33     -81.2365     -10.1281      45.0208      19.1756      276.411
    -7.73104  1.79296e-32     -128.851     -17.9506      44.2387      12.9342      271.489
    -7.21323 -1.13112e-32     -120.221     -16.6343      43.0749      12.8056      268.121
    -6.34285 -5.26832e-32     -105.714     -14.2674      42.9906      14.3145      268.561
    -7.39762  2.98986e-31     -123.294     -17.0827      43.8005      13.1942      270.481
    -9.93642 -2.04349e-32     -165.607     -23.8645      45.3439      9.78467      273.877
    -13.2405  1.11121e-31     -220.675     -32.6463      47.5123       5.0379      279.107
    -15.5254 -4.34409e-32     -258.757     -38.5981      49.9411      1.88843      286.381
    -15.6716  4.50612e-32     -261.193      -38.663      52.7175      2.55926       296.71
    -16.1522 -2.63458e-32     -269.203     -39.5767      56.0868       2.9197      308.921
    -17.0451 -1.08039e-31     -284.085     -41.5611      59.9099      2.61611      322.587
    -17.6277   5.5438e-13     -293.796     -43.0668      60.4938      1.40365      324.668
     -14.796 -1.84677e-06     -246.598     -35.4408      59.4054      5.71857      322.874
    -12.3789  1.95074e-14     -206.316     -28.9427      58.5448       9.8166      321.315
    -11.1544   3.2552e-07      609.264     -25.6614      58.1269      12.1486      320.496
    -9.93253  2.63527e-06     -165.542     -22.3879      57.6884      14.4156      319.684
    -8.62754   -0.0131503     -142.729     -18.7182        57.17      16.8115      318.789
    -7.54516    -0.160771      -415.65     -13.8823      56.4624      19.8069      317.631
    -4.47801 -4.07636e-14     -74.4404      -7.7546      55.5463      23.5295      316.169
    -0.56545     0.305332      -466230     -1.30445      54.5627      27.4238      314.633
     0.50283 -1.52408e-10     -82058.3      5.60252      53.4894      31.5644      312.985
     3.15636 -3.21343e-10      8.48796      12.7152      52.3655      35.8028      311.294
     5.38865   -0.0624079      95.0473      19.5398      51.2712      39.8239      309.675
     8.35536 -4.29926e-08      1079.61      26.6503      50.1203      43.9621      307.995
     11.3616 -4.27855e-10      189.358      34.7028      48.7991      48.6588      306.083
     14.3386  0.000233862      182.159      42.6672      47.4669      53.3481      304.187
     16.8004   6.4615e-28      280.006      49.2411      46.3258      57.3332       302.59
     16.6379  7.89343e-14 -5.77619e+10      48.7673       46.328      57.4438      302.631
      16.467  2.14458e-13      274.531      48.2749      46.3387      57.5145       302.68
     16.2997  3.71763e-28      205.283      47.7901      46.3476      57.6113      302.724
     16.0849  1.06517e-14      268.238      47.1808      46.3765      57.6304      302.793
     16.1161 -4.29379e-16  3.10382e+11       47.208      46.2991      58.1168      302.726
     15.7605 -6.11127e-15      261.311       46.231      46.3879       57.911      302.869
     15.7058 -7.70952e-15 -5.27487e+11      46.0402      46.3533      58.2016      302.852
      15.424  -2.2122e-14      26830.8      45.2583      46.4189      58.0977      302.955
     15.2428  -2.4795e-15      254.447      44.7347      46.4386      58.2038      303.001
     15.0387   2.7472e-14      250.411      44.1473      46.4657      58.3066      303.055
     14.7648  3.77081e-16      245.742      43.3765      46.5229      58.3079      303.143
     14.6148  1.61908e-13      243.488       42.928      46.5259      58.5275      303.165
     14.3858 -3.22336e-15      246.685        42.28      46.5716      58.5676      303.236
     14.5254  2.40394e-09     -2793.69      42.4955      45.4528       58.597      299.442
     14.6707   9.4657e-10      244.509       42.763       44.657      58.7768      296.825
     12.1483     -20.4731       324786      42.6341      44.2311      58.7881      295.352
       11.91     -20.4767 -3.60324e+07      42.0391      44.3266      58.6464       295.53
     14.2072     0.105678 -2.69782e+12       41.459      44.9729      58.7612      297.683
     13.9206  -2.2622e-20       232.01      40.8008       45.823       58.933      300.532
     13.6385  2.25207e-16      227.309      40.1225      46.6877      59.0897      303.417
      13.354 -6.43381e-12       154.33      39.3471      46.8091      58.8386      303.564
     4.26797 -3.25241e-32      71.1329      14.8654      48.7816      43.0382      299.052
    -3.81722  1.56324e-32     -63.6203     -7.19282      47.8445      26.6311      285.911
   -0.192356 -6.41031e-33     -3.20593      2.38578      44.8059      30.7299      279.606
    -2.32709  2.87883e-32     -38.7848     -3.50269       44.087      26.3387      274.744
    -4.66412 -1.06042e-32     -77.7354     -9.91668       43.686      21.8505      270.868
    -6.12821  1.07226e-31     -102.137     -13.8809      43.9201      19.3385      270.253
    -7.98497  9.22409e-33     -133.083     -18.8558      44.7312      16.4973      271.317
    -9.79015 -1.15745e-32     -163.169      -23.606      46.2513      14.0929      275.055
    -12.0835  1.20391e-32     -201.392     -29.6143      48.3531      11.0053      280.529
    -13.1152 -3.12811e-33     -218.586     -32.1359      50.7915      10.2362      288.574
    -13.9664  5.08378e-32     -232.773     -34.1079      53.7158      9.99696      298.599
    -14.4843  8.00351e-33     -241.405     -35.1068      57.1625      10.5516      310.904
     -15.846  2.37978e-20       -264.1     -38.3942      60.6977      9.46477      322.862
    -24.1675  -7.1913e-12     -402.791      -60.693      63.9515     -5.22094       328.33
     -25.294  2.20531e-12     -421.565     -63.7096      63.7729     -9.53914      329.331
    -19.3476   3.7773e-18      -322.46     -47.6934      61.0405     -1.88104      325.751
    -9.24929     0.251552  1.24638e+09     -23.6641      57.7372      12.2165      320.167
    -10.2371     0.237044  2.36316e+06     -26.1609      58.0946      11.0218      320.706
    -10.2136 -1.87746e-14     -170.227     -23.1033      57.6609      12.7874      319.992
    -8.38421   0.00534978     -89.6686     -18.2442      56.9657      15.5292      318.871
    -6.97432   5.8485e-06      287.658     -14.3733      56.4007      17.5631      317.998
    -5.74044    -0.130519      5771.01     -9.39641      55.6748      20.1068      316.874
    -2.07976 -1.91497e-12     -34.8097     -1.17367      54.4967      24.5956      314.993
  -0.0982177     -0.13227      8.65367      5.83143      53.4975      28.4127      313.391
     2.89061 -1.36468e-05      41548.6       12.232      52.5918       31.827      311.942
     5.58965   -0.0256813      95.1545      19.8352      51.5208      35.9356      310.215
     8.62065  5.51844e-09      4740.46      27.6881       50.416      40.2287      308.424
     11.1705   -0.0515522      190.148      35.2083      49.3588      44.3616      306.705
     14.0766 -3.06508e-14       234.62      42.3996      48.3477      48.3265      305.059
     16.5994 -3.17031e-06      276.405      49.2014       47.391      52.0846      303.502
     18.9481  4.95186e-10      37474.3      55.5332      46.4997      55.5884      302.051
     19.2175  4.27177e-18     -1498.91      56.2596      46.3976      55.9902      301.885
     19.2236  1.81468e-15 -3.59728e+12      56.2755      46.3953      56.0032      301.882
      19.214  4.71485e-15       320.14      56.2501       46.398       55.989      301.887
      19.213  3.76239e-17      320.216      56.2467      46.3973      55.9928      301.887
       19.21 -1.90307e-18 -6.46021e+08      56.2382      46.3971      55.9945      301.888
     19.2057  1.25862e-27      320.687      56.2258      46.3967      55.9968      301.889
     19.2034  -5.1654e-16 -1.52485e+12       56.219      46.3964      55.9982       301.89
     19.2044  7.62782e-18  3.91855e+11      56.2208       46.395      56.0056      301.888
     19.2028  2.69747e-13      320.046      56.2171      46.3964      55.9984       301.89
     19.2085  1.75097e-13      320.058      56.2327      46.3954      56.0041      301.888
      19.221 -9.23201e-18       320.35      56.2709      46.3985      55.9884      301.886
     19.2517  5.99027e-16      320.855      56.3599      46.4015      55.9712      301.875
       19.29  1.34919e-15      321.569      56.4715      46.4055        55.95      301.864
     19.3358 -1.49117e-14      322.263      56.6047      46.4102      55.9246       301.85
     18.4951 -2.74347e-07      308.261      54.3488      46.7499      54.5669      302.385
     16.1389 -3.37531e-07      280.026       48.006      47.6555      50.9404      303.858
     13.6467 -1.13622e-07       82.459      41.2946      48.6052      47.1132      305.413
     11.0246            0     -2257.36      34.2318      49.5968      43.0942      307.047
     8.28097   7.2237e-30      138.016      26.8375      50.6068      38.8799      308.678
     2.00883 -6.84566e-33      33.4804      9.49427      48.6551      27.0999      296.701
    -3.04395 -6.14365e-32     -50.7325     -4.67431       45.427      16.5552       281.26
     3.01573 -2.70798e-31      50.2621       11.758       44.192      26.7108      280.926
      -2.777   8.2063e-33     -46.2834     -4.24857      43.0323      16.9132       272.65
    -5.80757 -1.89837e-32     -96.7929     -12.6263      42.3985      11.7129      268.176
    -7.93656  3.00845e-32     -132.276     -18.4386      42.6083      8.33668      267.442
    -10.3378  6.90016e-32     -172.296     -24.9458      43.2419       4.6189      268.105
    -12.1564 -6.42417e-32     -202.606     -29.7775      44.5665      2.11106      271.732
    -13.4602 -3.04407e-31     -224.337     -33.1323      46.4955     0.708567      277.925
    -14.6141 -4.02064e-32     -243.568     -36.0164      48.9527    -0.245317      286.165
    -16.0042  2.68359e-32     -266.737     -39.5051      51.7365     -1.56787      295.518
    -16.0033  3.45011e-32     -266.722     -39.0986      55.2911    -0.235975      308.626
    -16.6813  7.74806e-32     -278.022      -40.543      58.8889    -0.111033      321.494
    -15.9663  -3.1457e-11     -266.105     -38.5258      59.4213       1.3283      323.909
    -15.1077 -3.76576e-09     -49205.4     -36.2141      59.1425      2.81206      323.336
    -10.7352  1.89966e-07      -178.92     -24.4459      57.7188      10.4068      320.505
    -13.4455  2.40454e-08     -473.385     -31.7639      58.7029      6.45278      322.173
       -13.7 -2.56648e-10     -228.334     -32.4419      58.7626       5.8093      322.364
    -12.7851    -0.231094     -153.502     -27.1405      58.0156      8.58588      321.166
    -10.0198  1.16521e-06     -375.257     -22.5022      57.3646      10.9699      320.122
    -7.69561  3.75484e-11     -128.259     -16.2252      56.5047      14.3291      318.704
    -5.16454 -3.04263e-14     -86.0678     -9.39173      55.5793      18.0569       317.15
    -2.65298 -6.66776e-05 -6.98236e+07     -2.61024       54.665      21.7676      315.606
   -0.819487    -0.126848     -4.14588      3.88058      53.7933      25.2736      314.134
     1.56131    -0.133029      36.0622      10.3859      52.9273      28.7295      312.666
     4.76774  1.02861e-06      3209.66      17.4444      51.9977      32.4759      311.078
     7.59211 -7.21496e-10      10356.5      25.0801      50.9992      36.5759      309.356
     10.5067  1.13452e-16      175.128      32.9568      49.9709      40.8691      307.572
     13.2901 -1.11294e-07     -6846.69      40.4766      48.9886      45.0073      305.862
     15.8306 -2.91458e-14      213.507      47.3399      48.0931      48.7949      304.302
     18.4111 -1.09993e-08      306.839      54.3057      47.1728      52.6972      302.707
     20.2287 -7.26868e-18      337.145      59.2121       46.527      55.4284      301.583
      20.245  3.61396e-19  1.41745e+08      59.2569      46.5282      55.4195      301.572
     20.2339  7.19977e-14      337.232      59.2245      46.5265      55.4256      301.576
     20.2215  3.16858e-17      337.023      59.1876      46.5219      55.4502      301.581
     20.1989  3.15363e-15  5.81967e+12       59.126      46.5229       55.445      301.594
     20.1348 -6.88442e-15      -664372      58.9558      46.5372      55.3647      301.629
     20.1794  5.31299e-22      343.719      59.0716      46.5212      55.4559      301.606
     20.1959 -2.61524e-15  2.55468e+12      59.1173       46.521      55.4581      301.597
     20.2132  8.14239e-16 -1.29169e+13       59.167      46.5248      55.4373      301.588
     20.2551 -2.68538e-15 -4.24024e+13      59.2799      46.5181      55.4764      301.567
      20.236  1.88039e-22 -1.16795e+09      59.2312      46.5272      55.4245      301.577
     20.2291 -2.88104e-15      273.786      59.2111      46.5261      55.4284      301.579
      20.201   1.0696e-13      336.684      59.1325      46.5235      55.4439      301.594
     20.1882   2.4388e-16       336.47      59.0973      46.5226      55.4509      301.603
     18.2829 -8.78825e-10      304.715      53.9548      47.2065      52.5595       302.78
     15.7298 -2.64696e-08      262.161      47.0666       48.128      48.6467      304.361
     13.6688  8.00037e-05      227.808       41.499      48.8558      45.5668       305.63
     10.8656  2.09195e-12      181.093      33.9317      49.8528      41.3305      307.359
     8.27837    3.937e-31      137.973      26.9268      50.6081      37.3883      308.357
     5.76531 -7.26199e-33      96.0885      19.7308      47.9279      32.4233      296.728
   -0.934997  1.68917e-32     -15.5833      1.09293       45.269      19.8743      282.232
     2.95508 -7.03948e-33      49.2513      11.6088      44.3185      26.5844      281.349
    -2.35999 -1.19928e-32     -39.3331      -3.1081      43.0239      17.6036      272.906
    -5.78715 -2.21228e-31     -96.4525     -12.5646      42.4551       11.783      268.395
     -8.3521 -1.47123e-32     -139.202     -19.5871      42.4934      7.55644      266.751
    -10.2542 -8.42741e-32     -170.903     -24.7126      43.2549      4.71907      268.235
    -12.0634   9.1768e-32     -201.057     -29.5207      44.5729      2.24339      271.835
    -13.4689 -5.00968e-31     -224.482     -33.1557      46.4879     0.669346      277.906
    -14.7404  2.30641e-31     -245.674     -36.3665      48.8962    -0.517273        285.9
    -15.5038  1.63291e-32     -258.396     -38.1199      51.8793    -0.644523      296.359
    -16.1186  8.94524e-33     -268.644     -39.4238      55.2249    -0.418792      308.277
    -16.0312 -2.91642e-31     -267.187     -38.7431      59.1083      1.19862      322.645
    -16.7927  1.44209e-16     -85.2549     -40.7565      59.7123    0.0589594      324.421
    -15.0933  2.01148e-15     -251.554     -36.1743      59.1347      2.81193      323.334
    -9.36958  6.90457e-09     -833.791     -20.7702      57.2679      12.7471      319.629
     -9.8887    0.0591638     -169.404     -22.9501      57.6129      12.3866      320.004
    -20.9795    -0.291437     -832.547     -48.5088      60.9748     -3.53338      326.073
    -16.7098  9.32153e-15     -278.505      -40.513      59.6303    -0.413645      324.398
    -9.76132 -1.30069e-15     -162.688      -21.752      57.1305      10.0015      320.117
    -3.84515 -2.82126e-05      996.145     -5.81156      55.1142      19.7328      316.379
    -3.18267  5.40752e-10      2559.65     -4.04694      54.8682      21.1235      315.917
     -2.9045    -0.136405       -31708     -1.63599      54.5372      22.4823      315.364
    0.143546    0.0297016     -6663.15      4.56909      53.6999      25.8769      313.954
    -2.99669 -3.19669e-09 -3.04216e+14     -3.53859      54.7914      21.2218      315.833
     4.19668  5.50629e-08      69.9447      15.9004      52.2024      31.6882      311.428
     6.97955     0.111132      108.074      22.1061      51.4109      34.7376      310.054
     11.0065  7.28686e-05      1371.51       34.307      49.7992      41.5601      307.263
     13.4503  6.98887e-08      224.171      40.9068      48.9332      45.2257      305.756
     15.9523  7.62677e-09      17696.2      47.6689      48.0486      48.9875      304.228
     18.1259  9.31508e-07      302.099      53.5409      47.2852      52.2181      302.891
     20.2458  9.89773e-20      337.429      59.2638      46.5306       55.419      301.582
     20.2482  2.05212e-17 -9.02464e+09      59.2683      46.5298      55.4172      301.576
     20.1798 -6.32451e-15 -2.50774e+13      59.0846      46.5449      55.3255      301.607
     20.2233 -1.43671e-19  9.80273e+06      59.1951      46.5256      55.4316      301.582
     20.2127  1.99135e-15       336.61      59.1649      46.5246      55.4355      301.587
     20.2004 -7.12846e-14      336.674      59.1303      46.5231      55.4444      301.593
     20.1906  -5.1405e-19       336.51       59.104      46.5228      55.4496      301.601
     20.1412 -2.31049e-14      335.374      58.9751       46.539      55.3576      301.628
     20.1927  1.10693e-25      245.487      59.1098      46.5229      55.4487        301.6
     20.1462 -4.41787e-15 -4.37364e+12      58.9893       46.541      55.3442      301.623
     20.2082 -1.13763e-14      337.132      59.1525      46.5243      55.4378       301.59
      20.212  2.74839e-18  7.63271e+10      59.1629      46.5242      55.4376      301.587
     20.2065 -1.90551e-14      336.677      59.1474      46.5236       55.441       301.59
     20.1956 -1.80302e-18 -5.16944e+10      59.1174      46.5232      55.4445      301.597
      18.519  4.00588e-17      308.651      54.5903      47.1153      52.9496      302.633
     16.0866  7.31424e-21   6.5383e+08      48.0229      47.9816      49.2918      304.133
     13.5984  6.86808e-07      226.639      41.3046      48.8677      45.5493      305.668
     10.8574  3.85754e-08     -17.8371      33.9045      49.8463      41.3986      307.358
     8.20705 -8.83767e-32      136.784      26.7262      50.5923      37.3281      308.263
     5.27654  1.85427e-32      87.9424      18.3866      47.8775      31.5601      296.194
     5.13482  3.37176e-32      85.5803      17.6605      45.2872       30.937      286.529
    -3.76374  8.90814e-33     -62.7289     -6.77256        44.41      15.4244      277.057
   -0.859834  1.52434e-32     -14.3306     0.997213      43.0196      20.1102      273.906
    -6.70035 -1.61876e-33     -111.673     -15.0696       42.381      10.1557      267.513
     -8.0697 -5.57279e-33     -134.495     -18.8108      42.4865      7.96401      266.948
    -9.87682  1.04152e-31     -164.614     -23.6717      43.3246      5.38075      268.745
    -11.8682  3.35709e-33     -197.803      -28.982      44.6346      2.63929      272.166
    -13.8157 -1.67233e-31     -230.261       -34.11      46.4466    0.0767272      277.519
    -15.1038  8.77519e-32      -251.73      -37.347      48.9856     -1.15772      286.043
    -15.8854 -1.96651e-32     -264.757     -39.1692      51.7744      -1.4578      295.827
    -15.7569 -1.16974e-32     -262.615     -38.4309      55.2028    0.0890195      308.508
    -14.8177 -6.39834e-13     -237.792     -35.4312      59.0643        3.353      323.196
    -17.5851 -1.67802e-09     -7361.24     -42.8954      60.0008     -1.12659       324.92
     -15.173  2.37533e-10     -252.904     -36.3861      59.1695      2.68553      323.437
    -14.1289  6.13359e-07      5444.29     -33.5776      58.8236       4.4997       322.71
    -6.72542 -1.75079e-07      -112.09     -13.6618      56.3595      17.2974       317.92
    -5.97695 -3.44012e-08     -99.6136     -11.7137      56.1351      19.8401      317.258
    -14.4408  7.37389e-10     -240.679     -34.4824      59.2997      6.27281      322.626
    -18.5029 -1.78569e-05      -308.38     -45.3646      60.5706     -2.07984      325.376
    -13.7446  3.25293e-07      -77.616     -32.4863      58.5372      3.53956      322.621
    -5.45143  1.00478e-07      -90.861     -10.0864      55.5927      15.9982      317.528
     2.48852 -1.35326e-06      521.098      11.2945      52.8639      29.1336      312.474
     5.88526    0.0375059     -9257.15      19.9122      51.6292      35.1892      310.317
     3.00556     0.277493      1341.69      9.21756      53.0616      28.9301       312.82
     1.24997     0.059316      16.5006      7.24332      53.3947      26.7415      313.418
     4.90427  1.11723e-06     -9510.81      17.8657      52.0124      31.8973      311.081
     12.6685    -0.027745      61359.8      39.1363      49.1823      44.2043      306.179
     14.8128  3.70029e-07      2821.72      44.5679      48.4116      47.5211      304.892
      14.769  -0.00316107      246.384      44.5193       48.471      47.2204      304.965
     17.8724 -1.41194e-14      297.873       52.865      47.3905      51.7716      303.061
     20.2196  2.79959e-10      336.992       59.202      46.5677      55.2605      301.608
     20.3206 -5.57193e-20      338.676       59.474      46.5385      55.3774      301.542
     20.2965 -1.40128e-14      338.275      59.4052      46.5354      55.3909      301.552
     20.2847  1.92443e-14   -7.299e+12      59.3665      46.5231      55.4591      301.558
     20.2181  4.90141e-14       336.82      59.1852      46.5278      55.4343      301.595
     20.2081 -1.68035e-21      336.802      59.1568      46.5262      55.4401      301.599
      20.219 -1.77795e-15      337.023      59.1858      46.5265       55.435      301.591
     20.2643   1.2751e-14      337.738      59.3165      46.5332      55.4087      301.573
     20.2665  1.83731e-15      337.867      59.3204      46.5316        55.41      301.568
     20.2696 -8.18637e-15 -5.38627e+13      59.3284      46.5319      55.4059      301.564
     20.2549  1.15508e-22       271842      59.2859      46.5299       55.414       301.57
     20.2407 -1.15025e-17  9.96183e+12      59.2426      46.5201      55.4711      301.578
     20.1908 -1.17734e-15 -4.65664e+06      59.1061      46.5236      55.4496      301.604
     20.1826 -3.01672e-19  5.60251e+10      59.0811      46.5216       55.455      301.605
     18.3406  1.66322e-06     -12316.3       54.108      47.1808      52.6693      302.741
     15.5242 -9.63263e-09      675.254      46.5136      48.2052      48.3172      304.492
     13.2956   2.7093e-15      221.593      40.4981      49.0027      44.9059      305.866
     11.0458 -4.51926e-15      184.097      34.4215      49.7954       41.546      307.251
     8.44096   1.2603e-30      140.683      27.3752      50.6234      37.6413      308.522
     6.34273 -3.88142e-32      105.712      21.3161      47.9903      33.4937      297.376
     4.53477 -1.17107e-32      75.5795      16.0619      45.6086      30.0991      287.325
    -4.16598  1.12462e-33      -69.433     -7.89771      44.1824      14.6238      275.942
    0.798974 -8.70291e-31      13.3162      5.50309       42.836      23.0012      274.311
    -6.93247 -5.20468e-33     -115.541     -15.6963      42.5701      10.0315      267.965
    -10.2453  -1.5384e-32     -170.755     -24.7695      42.4014      4.16678      265.205
    -8.40737   -1.741e-32     -140.123     -19.6396      43.4104      7.86855      270.044
    -12.6659  2.04742e-31     -211.098     -31.1795      44.4887      1.19673      271.121
    -13.3288  3.43394e-32     -222.147     -32.7712      46.4892     0.892725      278.013
    -14.9501  1.49479e-31     -249.168     -36.9442      48.8463    -0.922688      285.601
    -15.7902  6.62239e-33      -263.17     -38.9123      51.7678     -1.25243       295.82
    -15.3969 -1.80001e-32     -256.614     -37.4331      55.3589     0.858795       309.24
    -17.2652  2.92007e-32     -287.754     -42.1291      58.9908      -1.0736        321.5
    -15.6535 -6.47927e-08     -260.892     -37.6814      59.3155      1.82446      323.721
    -14.1564  3.72158e-10     -235.938     -33.6522      58.8412       4.4853      322.725
    -7.75673  2.38835e-08      -143990     -16.4426      56.7523      15.7744      318.556
    -8.84236 -3.75084e-14     -12529.4     -19.4195      57.2066      15.2346      319.081
    -18.8888 -1.70667e-09     -314.813     -46.4425      60.8772     -1.35133      325.482
    -22.2503 -2.16941e-08        39413     -55.4527      61.6738     -9.07859      327.817
    -13.6699  2.05654e-10     -537.065     -32.2691      58.3537      2.89649      322.639
    -4.35108 -4.90712e-10      -72.518     -7.11774      55.2394      17.7521      316.833
     3.51269  8.54081e-10      58.5491      14.0111      52.5509      31.5332      311.717
     4.82838   -0.0967769      254.144      18.6628      51.7568      35.8072      310.397
     2.46648     0.253588       21.278      7.84826      53.2022      29.9088      312.879
    -5.46325  4.53916e-09     -91.0541     -10.1906      55.8495      17.8493      317.288
    -5.41675 -1.53454e-10      1778.81     -9.95157      55.7642      15.4139      317.509
     7.67481     0.273956 -5.30286e+08      22.2531       51.532      33.0911      310.254
     14.7194  1.40047e-09     -55492.1      44.4082       48.648      46.4237      305.085
      19.675 -2.61897e-18      327.916      57.6142      46.6024      55.7361      301.732
     18.8482  3.70324e-15 -2.51395e+06      55.1994      46.4949      56.1951      301.976
     18.5099 -2.56561e-15      308.498      54.2006      46.3632      56.3833      302.088
     16.5704 -0.000298368       137.36      49.0888      47.3622      52.4728      303.445
     14.0015   1.5588e-07      1015.92      42.3542      48.7777      46.7511      305.305
     20.1923  7.14479e-18 -4.02125e+10      59.1009      46.5331      55.4487       301.58
     19.9021  1.31227e-17      331.702      58.2591       46.495      55.6099       301.68
      19.661 -2.06924e-20  1.24185e+10      57.5576      46.4598       55.744      301.758
     19.7291  2.59132e-15      328.818      57.7535      46.4574      55.7059      301.735
     19.7769 -1.62654e-13      329.615       57.893      46.4631      55.6795      301.721
     19.8973  2.36495e-21 -3.57559e+06      58.2417        46.48      55.6127      301.678
     20.0352  7.12865e-15      333.943      58.6435      46.4992      55.5401      301.634
     20.1542  1.94815e-14      335.904      58.9927      46.5174      55.4699      301.601
     20.2218  1.85461e-15       337.03      59.1923       46.527      55.4323      301.585
     20.3831 -2.85103e-15   2.6685e+13      59.6168      46.4754      55.7292      301.507
     20.2132  2.14556e-15      336.895      59.1701      46.5263      55.4362      301.594
     20.1473  -2.4058e-15      335.788      58.9982      46.5681      55.2598      301.642
     18.3382  9.57341e-15     -47.2837      54.1131      47.2104      52.5319      302.757
     15.9586 -6.96473e-08      5283.11      47.6876      48.0565      48.9332      304.223
       13.51  1.60807e-11       225.17       41.075      48.9244      45.2397       305.73
     11.2394  3.00935e-09      56555.7      34.9405      49.7203      41.8905      307.127
      8.6281 -4.42413e-18      143.802      27.8868      50.6398       38.047      308.737
     7.11093  6.94408e-33      118.516      23.4074      47.9829      34.9896      297.924
   -0.592146  1.43882e-32     -9.86909      2.03909      45.4738      20.8794      283.194
     1.30099  5.20829e-32      21.6831      7.05268      44.0918      23.8319      279.419
    -2.19351  4.81615e-33     -36.5585     -2.64433      43.1132      17.9596      273.344
    -6.03201  9.69589e-31     -100.534     -13.2404      42.4154      11.3708      268.074
    -8.51539 -3.63615e-32     -141.923     -20.0374      42.4548      7.24834      266.506
    -9.91447  1.24963e-33     -165.241     -23.7744      43.3359      5.33817      268.753
    -11.8986 -5.83026e-32      -198.31     -29.0696      44.6016      2.58588      272.016
    -13.6299  -1.9177e-33     -227.165      -33.599      46.4868     0.436486      277.768
    -14.6483 -4.09904e-31     -244.139     -36.1126      48.9333    -0.307066      286.068
     -15.677  -3.2836e-33     -261.283     -38.5993      51.8443    -0.929215      296.099
    -15.9035 -1.85256e-32     -265.059     -38.8229       55.345    0.0309263      308.835
    -16.1594 -2.70363e-31     -269.323     -39.0945      59.1128      1.01703      322.556
    -17.1045  9.12369e-11     -285.076     -41.5969      59.8173    -0.456562      324.626
    -13.8684  9.95384e-07     -216.926     -32.8737      58.7356      4.89108      322.552
    -5.68528  -1.7769e-13     -94.7543     -10.8724      56.0545      19.3198      317.209
    -5.78126 -1.52164e-07      459.004     -11.2182      56.1394      20.9048      317.025
    -15.4236  2.09379e-07     -257.061     -37.1543      59.8154      5.69432      323.126
    -21.7309  8.06184e-05      9432.31     -54.0779      61.9171     -6.38904      327.308
    -18.5371 -8.66449e-11     -3817.81     -45.4238      60.2473     -3.81343      325.576
    -9.62732 -1.82941e-13     -160.457     -21.3476       56.985      9.15187      320.152
   -0.254506     0.259507     -528.132     0.846611      54.2271      22.4821      314.977
     4.36374   -0.0161408      73.9953      16.5057      52.1671      32.8323      311.169
     2.01523   0.00899914      8615.72      9.82681      52.9717       29.489      312.645
    -2.59726  1.06497e-07      38049.2     -2.42765      54.6925      21.3802      315.624
    0.590689 -4.32447e-12      9.77086      6.23278      53.5433      25.0774      313.765
     9.57541 -2.91124e-10       156.14      30.4826      50.3645      38.9625      308.213
     15.2202   -0.0332895       -27916      46.0491       48.196      48.6579      304.508
     18.8194 -1.81923e-07      313.656      55.2491      46.7158      54.8919      302.208
     19.0279  2.47489e-15      317.132      55.7133      46.4167      56.0957       301.94
     18.9926  4.81913e-18 -8.12457e+09      55.6053      46.3777      56.1132      301.953
     13.9821   -0.0177868      234.445      42.4742      48.6244      47.2754      305.216
      12.031 -6.55602e-06      -157622      37.1794      49.8017      41.9952      306.736
     20.9317  1.06935e-14      348.862      61.2553      46.6494       55.038       301.34
     20.6253 -9.21328e-15      343.755      60.3753      46.6126      55.2081      301.468
     20.0381  9.91799e-16      333.969      58.6652       46.565      55.5343      301.635
     19.3256 -1.59116e-14      322.375      56.6168      46.5269      55.6933      301.873
      19.173  2.85379e-15      319.738      56.1381      46.4089      56.0149      301.911
     19.3655  6.78351e-22       206559      56.6924      46.4202       55.908      301.842
     19.6016   6.2739e-16  3.63713e+12      57.3689      46.4421      55.7933      301.749
     19.6065  1.94023e-25      5235.38      57.3906      46.4388      55.7742      301.761
      19.667 -1.24209e-15      327.783      57.5701      46.4482      55.7406      301.749
     19.6997  2.84804e-12 -4.80383e+11      57.6681      46.4537      55.7183      301.744
     19.6827   1.1423e-26      327.169      57.6206       46.452      55.7318      301.755
     19.6789 -5.50074e-15 -2.31388e+12      57.6066      46.4481      55.7488      301.752
     18.4839  3.65549e-08      1368.29      54.3869      46.9007       53.897      302.493
     15.5879  6.96542e-12      259.798      46.5896      47.9996       49.383      304.304
     13.5099     0.153883       383.01       39.133      49.0485       45.005      306.046
     10.1371 -1.52604e-23      8250.59      31.9208      50.0494      40.7605      307.733
     7.60611   5.8025e-31      126.769      25.0729      50.7066      36.6908      308.322
     4.94623 -1.69036e-32      82.4372      17.4949      48.0751      31.2957      296.719
     1.63953 -1.58037e-32      27.3254      8.16281      45.6352      24.8504      285.378
   -0.032171  -1.3291e-32    -0.536183      3.39023      43.9994      21.6142      278.167
    -2.16761 -1.96956e-33     -36.1268      -2.5712      43.1281       18.002      273.418
    -5.12237  1.45128e-32     -85.3728     -10.7672      42.3451      12.9899      268.397
    -9.03896  2.76887e-32     -150.649     -21.4562      42.6247      6.50968      266.734
    -10.6534   2.1277e-32     -177.556     -25.8172       43.138       3.9784      267.547
    -11.5446   5.4768e-34      -192.41     -28.0868      44.7061       3.1881      272.659
    -13.5466  7.03409e-32     -225.777     -33.3708      46.4867     0.575178      277.825
    -14.6982  3.29284e-31      -244.97     -36.2505      48.9191    -0.400424      285.985